 0.500000E-01  0.7494385E+21
 0.100000E+00  0.1318007E+21
 0.150000E+00 -0.2382263E+21
 0.200000E+00 -0.1541008E+21
 0.250000E+00 -0.3964746E+20
 0.300000E+00  0.3037010E+20
 0.350000E+00 -0.1893271E+19
 0.400000E+00  0.9976358E+18
 0.450000E+00  0.1110305E+20
 0.500000E+00  0.7044036E+19
 0.550000E+00  0.1209676E+20
 0.600000E+00 -0.2503437E+19
 0.650000E+00 -0.2622275E+20
 0.700000E+00  0.1133890E+20
 0.750000E+00 -0.1166253E+20
 0.800000E+00 -0.1610283E+20
 0.850000E+00  0.7734261E+19
 0.900000E+00  0.1288809E+20
 0.950000E+00 -0.1059780E+20
 0.100000E+01 -0.5651975E+19
 0.105000E+01  0.3344115E+18
 0.110000E+01  0.1283402E+20
 0.115000E+01 -0.7763054E+19
 0.120000E+01 -0.1269765E+20
 0.125000E+01  0.1339267E+19
 0.130000E+01  0.1122606E+20
 0.135000E+01  0.3413807E+19
 0.140000E+01 -0.1573413E+20
 0.145000E+01 -0.2533419E+19
 0.150000E+01 -0.8279512E+19
 0.155000E+01  0.2465916E+19
 0.160000E+01  0.2616528E+20
 0.165000E+01 -0.7635600E+19
 0.170000E+01  0.4481518E+19
 0.175000E+01 -0.1196936E+20
 0.180000E+01  0.9260922E+19
 0.185000E+01  0.3356794E+19
 0.190000E+01 -0.9038706E+19
 0.195000E+01 -0.1105253E+20
 0.200000E+01 -0.7212920E+19
 0.205000E+01  0.1959267E+19
 0.210000E+01  0.6479315E+19
 0.215000E+01 -0.1296377E+20
 0.220000E+01 -0.1510009E+19
 0.225000E+01  0.1258196E+20
 0.230000E+01  0.2318158E+20
 0.235000E+01 -0.1594879E+20
 0.240000E+01 -0.3035182E+20
 0.245000E+01 -0.1555351E+20
 0.250000E+01  0.2096957E+20
 0.255000E+01  0.2074324E+20
 0.260000E+01  0.1880691E+20
 0.265000E+01 -0.1102339E+20
 0.270000E+01 -0.3831948E+20
 0.275000E+01 -0.5651071E+19
 0.280000E+01  0.1039762E+20
 0.285000E+01  0.2368195E+20
 0.290000E+01 -0.1205205E+20
 0.295000E+01 -0.6050710E+19
 0.300000E+01  0.1826874E+20
 0.305000E+01  0.1441209E+20
 0.310000E+01  0.4729892E+19
 0.315000E+01 -0.2822344E+20
 0.320000E+01  0.1122273E+20
 0.325000E+01  0.3241170E+20
 0.330000E+01 -0.5981869E+19
 0.335000E+01 -0.1394634E+20
 0.340000E+01 -0.6947819E+19
 0.345000E+01  0.2393278E+19
 0.350000E+01  0.1520984E+20
 0.355000E+01  0.1402598E+20
 0.360000E+01  0.3138831E+19
 0.365000E+01  0.3909990E+18
 0.370000E+01 -0.2903775E+20
 0.375000E+01  0.1515173E+19
 0.380000E+01 -0.1974671E+20
 0.385000E+01 -0.2024274E+20
 0.390000E+01 -0.1898309E+20
 0.395000E+01  0.2037715E+20
 0.400000E+01  0.3090536E+19
 0.405000E+01  0.6772995E+19
 0.410000E+01  0.7706807E+19
 0.415000E+01  0.1293722E+20
 0.420000E+01  0.2216113E+20
 0.425000E+01  0.2032500E+20
 0.430000E+01  0.2084481E+20
 0.435000E+01 -0.2006212E+20
 0.440000E+01 -0.6687141E+19
 0.445000E+01 -0.1672050E+19
 0.450000E+01  0.1251886E+19
 0.455000E+01  0.7165609E+18
 0.460000E+01 -0.1036013E+20
 0.465000E+01  0.2914510E+19
 0.470000E+01  0.4721810E+19
 0.475000E+01 -0.2786010E+19
 0.480000E+01  0.4252394E+19
 0.485000E+01  0.1569316E+20
 0.490000E+01  0.1706635E+19
 0.495000E+01  0.2309534E+19
 0.500000E+01 -0.5677572E+19
 0.505000E+01 -0.1006613E+20
 0.510000E+01  0.6277302E+19
 0.515000E+01 -0.6002390E+19
 0.520000E+01 -0.1388473E+20
 0.525000E+01 -0.2084780E+19
 0.530000E+01 -0.1205452E+20
 0.535000E+01 -0.6718049E+19
 0.540000E+01  0.6252136E+19
 0.545000E+01  0.1651652E+20
 0.550000E+01 -0.5945345E+19
 0.555000E+01  0.6679298E+19
 0.560000E+01  0.2941626E+20
 0.565000E+01  0.9032836E+19
 0.570000E+01 -0.4535267E+19
 0.575000E+01 -0.2444347E+20
 0.580000E+01 -0.9761008E+19
 0.585000E+01 -0.2313066E+20
 0.590000E+01  0.6354059E+19
 0.595000E+01  0.1282830E+20
 0.600000E+01  0.1600242E+19
 0.605000E+01 -0.8235453E+19
 0.610000E+01 -0.1610983E+20
 0.615000E+01  0.2887361E+19
 0.620000E+01  0.1699284E+20
 0.625000E+01 -0.6266261E+19
 0.630000E+01 -0.1864745E+20
 0.635000E+01 -0.8256824E+19
 0.640000E+01  0.5221055E+19
 0.645000E+01  0.1854133E+20
 0.650000E+01  0.3536077E+20
 0.655000E+01  0.1029889E+20
 0.660000E+01 -0.2760714E+20
 0.665000E+01 -0.3355700E+19
 0.670000E+01 -0.3221918E+19
 0.675000E+01 -0.2839790E+19
 0.680000E+01 -0.1461186E+19
 0.685000E+01 -0.2728259E+19
 0.690000E+01  0.2311123E+19
 0.695000E+01 -0.1066645E+19
 0.700000E+01  0.1871228E+20
 0.705000E+01  0.6385999E+19
 0.710000E+01 -0.1143769E+20
 0.715000E+01 -0.2164136E+20
 0.720000E+01  0.8467443E+19
 0.725000E+01  0.1599921E+20
 0.730000E+01  0.8184888E+19
 0.735000E+01  0.4042497E+19
 0.740000E+01 -0.2387582E+18
 0.745000E+01  0.4830818E+19
 0.750000E+01  0.1676590E+20
 0.755000E+01  0.4570887E+19
 0.760000E+01 -0.2614817E+20
 0.765000E+01 -0.2368812E+20
 0.770000E+01  0.4710824E+18
 0.775000E+01  0.1490100E+20
 0.780000E+01  0.4128136E+19
 0.785000E+01  0.6893514E+19
 0.790000E+01 -0.2280614E+20
 0.795000E+01 -0.6079259E+18
 0.800000E+01 -0.6313891E+19
 0.805000E+01 -0.5354423E+18
 0.810000E+01  0.1539467E+20
 0.815000E+01  0.5258358E+18
 0.820000E+01  0.3192428E+19
 0.825000E+01  0.2586677E+20
 0.830000E+01 -0.1088384E+20
 0.835000E+01 -0.9667087E+19
 0.840000E+01  0.8125713E+19
 0.845000E+01 -0.1058080E+20
 0.850000E+01  0.2190410E+20
 0.855000E+01  0.3205616E+20
 0.860000E+01 -0.1576264E+19
 0.865000E+01 -0.2014356E+20
 0.870000E+01 -0.1425069E+19
 0.875000E+01 -0.3227735E+19
 0.880000E+01 -0.1197828E+20
 0.885000E+01 -0.1157876E+20
 0.890000E+01  0.2820203E+19
 0.895000E+01  0.1110081E+20
 0.900000E+01 -0.1677188E+19
 0.905000E+01 -0.1502243E+20
 0.910000E+01  0.5616902E+19
 0.915000E+01  0.7553520E+19
 0.920000E+01  0.2999724E+19
 0.925000E+01 -0.4423979E+19
 0.930000E+01  0.1154301E+19
 0.935000E+01 -0.6747068E+19
 0.940000E+01  0.4885975E+19
 0.945000E+01 -0.7221704E+19
 0.950000E+01 -0.1230831E+20
 0.955000E+01  0.6722894E+19
 0.960000E+01 -0.9540544E+19
 0.965000E+01  0.3220266E+20
 0.970000E+01  0.2907968E+20
 0.975000E+01 -0.2205926E+20
 0.980000E+01 -0.8788132E+19
 0.985000E+01  0.2855824E+19
 0.990000E+01 -0.5266345E+19
 0.995000E+01 -0.3299588E+19
 0.100000E+02  0.2824014E+19
 0.100500E+02 -0.9435642E+19
 0.101000E+02 -0.3852369E+19
 0.101500E+02  0.4315643E+19
 0.102000E+02  0.1699360E+20
 0.102500E+02  0.2167169E+20
 0.103000E+02 -0.5660068E+19
 0.103500E+02 -0.1611034E+20
 0.104000E+02  0.1708009E+19
 0.104500E+02 -0.1168758E+20
 0.105000E+02 -0.5220433E+19
 0.105500E+02 -0.1067764E+20
 0.106000E+02  0.4419211E+19
 0.106500E+02  0.1022085E+20
 0.107000E+02 -0.1243263E+20
 0.107500E+02 -0.9078386E+19
 0.108000E+02  0.4766217E+19
 0.108500E+02  0.7054185E+19
 0.109000E+02 -0.2962916E+19
 0.109500E+02 -0.1080401E+20
 0.110000E+02  0.9050167E+19
 0.110500E+02  0.5237689E+19
 0.111000E+02 -0.1045418E+20
 0.111500E+02  0.4218372E+19
 0.112000E+02 -0.2369527E+20
 0.112500E+02 -0.9784358E+19
 0.113000E+02  0.1823900E+20
 0.113500E+02  0.1022876E+20
 0.114000E+02  0.1019166E+20
 0.114500E+02 -0.1611239E+20
 0.115000E+02 -0.1458524E+20
 0.115500E+02 -0.2768479E+19
 0.116000E+02  0.1843537E+20
 0.116500E+02  0.8792530E+19
 0.117000E+02 -0.7838709E+19
 0.117500E+02 -0.1555891E+20
 0.118000E+02  0.2473775E+18
 0.118500E+02  0.7964549E+17
 0.119000E+02 -0.1024114E+20
 0.119500E+02  0.9909620E+19
 0.120000E+02  0.2486658E+20
 0.120500E+02 -0.3690535E+19
 0.121000E+02  0.1737272E+19
 0.121500E+02  0.3935267E+19
 0.122000E+02  0.3055063E+19
 0.122500E+02 -0.7033431E+19
 0.123000E+02 -0.8495592E+19
 0.123500E+02 -0.5752300E+19
 0.124000E+02  0.2844245E+20
 0.124500E+02  0.2613330E+20
 0.125000E+02  0.1087286E+20
 0.125500E+02 -0.2268711E+20
 0.126000E+02 -0.2325760E+20
 0.126500E+02 -0.3816496E+19
 0.127000E+02  0.1190420E+20
 0.127500E+02  0.1250101E+20
 0.128000E+02  0.5934357E+19
 0.128500E+02 -0.1202851E+20
 0.129000E+02 -0.2869244E+19
 0.129500E+02  0.8493014E+19
 0.130000E+02  0.1912062E+19
 0.130500E+02  0.1114663E+19
 0.131000E+02  0.9752569E+19
 0.131500E+02 -0.6269744E+19
 0.132000E+02 -0.1054506E+19
 0.132500E+02 -0.4655719E+19
 0.133000E+02 -0.6997858E+19
 0.133500E+02 -0.3643363E+19
 0.134000E+02 -0.7344874E+19
 0.134500E+02  0.4943963E+18
 0.135000E+02  0.1722796E+20
 0.135500E+02 -0.1129242E+20
 0.136000E+02 -0.3467713E+19
 0.136500E+02 -0.6480038E+19
 0.137000E+02  0.3630884E+19
 0.137500E+02 -0.3104536E+18
 0.138000E+02  0.4212017E+18
 0.138500E+02 -0.8000771E+19
 0.139000E+02 -0.4843709E+18
 0.139500E+02  0.1697893E+20
 0.140000E+02  0.6978635E+19
 0.140500E+02 -0.1791940E+19
 0.141000E+02 -0.3388565E+19
 0.141500E+02  0.1591392E+20
 0.142000E+02 -0.5520330E+19
 0.142500E+02 -0.1296973E+20
 0.143000E+02 -0.1213364E+20
 0.143500E+02  0.2373579E+18
 0.144000E+02  0.2878678E+20
 0.144500E+02  0.2242699E+20
 0.145000E+02  0.2876983E+19
 0.145500E+02 -0.2404199E+20
 0.146000E+02 -0.1919717E+20
 0.146500E+02 -0.1010842E+19
 0.147000E+02  0.1641412E+20
 0.147500E+02  0.2161544E+20
 0.148000E+02 -0.6527963E+19
 0.148500E+02 -0.2529755E+20
 0.149000E+02 -0.9389128E+19
 0.149500E+02  0.1798016E+20
 0.150000E+02  0.3682406E+19
 0.150500E+02  0.4881244E+19
 0.151000E+02 -0.3900958E+18
 0.151500E+02 -0.1803082E+20
 0.152000E+02 -0.2992323E+20
 0.152500E+02  0.9469173E+18
 0.153000E+02  0.1584165E+20
 0.153500E+02  0.2181520E+19
 0.154000E+02 -0.9309921E+19
 0.154500E+02 -0.1906207E+20
 0.155000E+02  0.1672805E+20
 0.155500E+02  0.1436634E+20
 0.156000E+02  0.4153307E+19
 0.156500E+02 -0.1390786E+20
 0.157000E+02 -0.5219826E+19
 0.157500E+02  0.1477516E+19
 0.158000E+02  0.1706377E+20
 0.158500E+02 -0.3334483E+19
 0.159000E+02 -0.1155241E+20
 0.159500E+02  0.1921794E+20
 0.160000E+02  0.1748516E+20
 0.160500E+02 -0.1192964E+19
 0.161000E+02 -0.1370846E+20
 0.161500E+02  0.4856642E+19
 0.162000E+02  0.1791881E+19
 0.162500E+02 -0.4138607E+19
 0.163000E+02 -0.4697657E+19
 0.163500E+02  0.1721147E+20
 0.164000E+02  0.1330681E+20
 0.164500E+02 -0.1477954E+20
 0.165000E+02  0.8984727E+18
 0.165500E+02 -0.1059193E+20
 0.166000E+02  0.2175857E+20
 0.166500E+02  0.1256969E+20
 0.167000E+02  0.7256437E+19
 0.167500E+02 -0.3532009E+18
 0.168000E+02 -0.1529355E+20
 0.168500E+02 -0.1718325E+20
 0.169000E+02 -0.9847061E+17
 0.169500E+02  0.5174816E+19
 0.170000E+02  0.9016335E+19
 0.170500E+02 -0.7386703E+19
 0.171000E+02 -0.1503129E+20
 0.171500E+02  0.1733421E+20
 0.172000E+02  0.2353276E+20
 0.172500E+02 -0.3957911E+19
 0.173000E+02  0.2745836E+19
 0.173500E+02 -0.2506588E+19
 0.174000E+02 -0.6450717E+19
 0.174500E+02  0.1860141E+20
 0.175000E+02  0.7589847E+19
 0.175500E+02 -0.1080622E+20
 0.176000E+02  0.7646704E+19
 0.176500E+02  0.2258451E+20
 0.177000E+02 -0.2305010E+20
 0.177500E+02  0.2108443E+19
 0.178000E+02  0.9320317E+18
 0.178500E+02 -0.2140780E+20
 0.179000E+02  0.1335925E+20
 0.179500E+02 -0.3941426E+19
 0.180000E+02 -0.8026542E+19
 0.180500E+02  0.1032272E+20
 0.181000E+02 -0.1328417E+20
 0.181500E+02 -0.3970435E+18
 0.182000E+02  0.2208101E+20
 0.182500E+02  0.1993843E+20
 0.183000E+02  0.4038917E+19
 0.183500E+02 -0.1037848E+20
 0.184000E+02  0.4285423E+19
 0.184500E+02 -0.2350440E+19
 0.185000E+02 -0.2199479E+19
 0.185500E+02 -0.6434582E+19
 0.186000E+02  0.2296493E+20
 0.186500E+02  0.2798470E+20
 0.187000E+02  0.3683461E+19
 0.187500E+02 -0.3914674E+20
 0.188000E+02 -0.4335538E+19
 0.188500E+02  0.1897667E+20
 0.189000E+02 -0.1349846E+20
 0.189500E+02 -0.5835987E+19
 0.190000E+02  0.5695137E+19
 0.190500E+02 -0.5165734E+19
 0.191000E+02  0.1686674E+20
 0.191500E+02 -0.8506417E+19
 0.192000E+02 -0.2503194E+20
 0.192500E+02 -0.3884110E+20
 0.193000E+02 -0.7608388E+18
 0.193500E+02  0.5052498E+19
 0.194000E+02 -0.4543300E+19
 0.194500E+02  0.1150049E+19
 0.195000E+02  0.2571062E+19
 0.195500E+02 -0.5919507E+19
 0.196000E+02 -0.2529640E+20
 0.196500E+02 -0.4600783E+19
 0.197000E+02  0.2022343E+20
 0.197500E+02  0.1725208E+20
 0.198000E+02  0.1067381E+20
 0.198500E+02 -0.3477057E+20
 0.199000E+02 -0.1803811E+20
 0.199500E+02  0.1755483E+20
 0.200000E+02  0.3177494E+19
 0.200500E+02  0.6425866E+19
 0.201000E+02  0.2893981E+18
 0.201500E+02 -0.3732983E+19
 0.202000E+02 -0.6260829E+19
 0.202500E+02  0.4258387E+19
 0.203000E+02  0.8018678E+18
 0.203500E+02  0.1894507E+20
 0.204000E+02  0.5194184E+19
 0.204500E+02  0.1393049E+20
 0.205000E+02  0.9791182E+19
 0.205500E+02  0.1400345E+20
 0.206000E+02 -0.1172475E+20
 0.206500E+02 -0.1820551E+20
 0.207000E+02  0.1776526E+20
 0.207500E+02  0.6160786E+19
 0.208000E+02 -0.2388629E+20
 0.208500E+02  0.1516597E+17
 0.209000E+02  0.5542336E+19
 0.209500E+02 -0.7559482E+19
 0.210000E+02 -0.6766554E+19
 0.210500E+02 -0.5013012E+19
 0.211000E+02  0.1231295E+19
 0.211500E+02 -0.8130175E+19
 0.212000E+02 -0.1785796E+20
 0.212500E+02 -0.3133262E+19
 0.213000E+02  0.2348292E+19
 0.213500E+02  0.1743792E+20
 0.214000E+02  0.1558581E+20
 0.214500E+02 -0.2591924E+19
 0.215000E+02 -0.1686959E+20
 0.215500E+02  0.1089768E+19
 0.216000E+02  0.3231053E+19
 0.216500E+02  0.8121608E+19
 0.217000E+02  0.1213345E+20
 0.217500E+02  0.6115208E+19
 0.218000E+02 -0.1007669E+20
 0.218500E+02 -0.7489352E+19
 0.219000E+02 -0.1491734E+20
 0.219500E+02  0.5398348E+19
 0.220000E+02  0.2038375E+20
 0.220500E+02  0.5383640E+19
 0.221000E+02 -0.4543953E+19
 0.221500E+02 -0.2220804E+20
 0.222000E+02 -0.1014859E+20
 0.222500E+02  0.1999358E+19
 0.223000E+02  0.1963736E+20
 0.223500E+02  0.1175863E+20
 0.224000E+02  0.9487239E+19
 0.224500E+02  0.2274926E+19
 0.225000E+02 -0.2133383E+20
 0.225500E+02 -0.7656063E+18
 0.226000E+02 -0.8728379E+19
 0.226500E+02 -0.6694160E+19
 0.227000E+02  0.1638535E+20
 0.227500E+02 -0.5142323E+19
 0.228000E+02  0.2161838E+19
 0.228500E+02 -0.2325579E+20
 0.229000E+02 -0.2599187E+20
 0.229500E+02  0.1377390E+19
 0.230000E+02 -0.7269156E+19
 0.230500E+02  0.1078174E+19
 0.231000E+02  0.2180099E+19
 0.231500E+02 -0.5903567E+19
 0.232000E+02  0.7068467E+19
 0.232500E+02 -0.5691600E+19
 0.233000E+02  0.1725373E+20
 0.233500E+02  0.1350791E+20
 0.234000E+02 -0.1324327E+20
 0.234500E+02 -0.1907238E+20
 0.235000E+02 -0.8104253E+19
 0.235500E+02  0.3693791E+19
 0.236000E+02  0.2413453E+20
 0.236500E+02 -0.3215800E+19
 0.237000E+02 -0.5931873E+19
 0.237500E+02  0.1483243E+20
 0.238000E+02 -0.5280702E+19
 0.238500E+02 -0.6253830E+19
 0.239000E+02  0.1367946E+20
 0.239500E+02  0.3826760E+19
 0.240000E+02 -0.2613925E+20
 0.240500E+02  0.1388359E+20
 0.241000E+02  0.2530053E+20
 0.241500E+02  0.1866129E+20
 0.242000E+02  0.1651701E+20
 0.242500E+02  0.1094864E+20
 0.243000E+02 -0.8462295E+19
 0.243500E+02 -0.5794350E+19
 0.244000E+02  0.6642912E+19
 0.244500E+02 -0.1298619E+18
 0.245000E+02  0.1459925E+20
 0.245500E+02  0.6031469E+19
 0.246000E+02 -0.5417294E+19
 0.246500E+02 -0.3139935E+20
 0.247000E+02  0.5120494E+19
 0.247500E+02  0.2597482E+20
 0.248000E+02 -0.7528313E+19
 0.248500E+02 -0.3399470E+19
 0.249000E+02 -0.2390695E+19
 0.249500E+02 -0.2686456E+19
 0.250000E+02 -0.8010498E+19
 0.250500E+02 -0.1746978E+20
 0.251000E+02  0.1177273E+20
 0.251500E+02  0.1906890E+20
 0.252000E+02  0.9031004E+18
 0.252500E+02 -0.2810779E+20
 0.253000E+02 -0.8688357E+19
 0.253500E+02 -0.5484457E+18
 0.254000E+02 -0.1016468E+19
 0.254500E+02 -0.2137028E+20
 0.255000E+02 -0.2200301E+20
 0.255500E+02  0.3406616E+19
 0.256000E+02  0.1726259E+20
 0.256500E+02 -0.1184822E+19
 0.257000E+02  0.1994687E+19
 0.257500E+02  0.9243336E+18
 0.258000E+02  0.5502508E+19
 0.258500E+02 -0.1216939E+20
 0.259000E+02  0.1258914E+19
 0.259500E+02  0.4225430E+19
 0.260000E+02  0.1572320E+20
 0.260500E+02  0.1132630E+20
 0.261000E+02 -0.2278472E+20
 0.261500E+02 -0.2040536E+19
 0.262000E+02  0.2257097E+20
 0.262500E+02  0.3092797E+20
 0.263000E+02  0.7201323E+19
 0.263500E+02 -0.1610148E+20
 0.264000E+02 -0.7295414E+19
 0.264500E+02  0.5985028E+19
 0.265000E+02  0.2681158E+20
 0.265500E+02 -0.1031387E+20
 0.266000E+02 -0.1892328E+20
 0.266500E+02 -0.1198529E+20
 0.267000E+02  0.8375470E+19
 0.267500E+02  0.2674655E+20
 0.268000E+02 -0.3128947E+19
 0.268500E+02 -0.2621680E+20
 0.269000E+02  0.9900744E+19
 0.269500E+02  0.1255226E+20
 0.270000E+02  0.2344839E+18
 0.270500E+02  0.7840714E+19
 0.271000E+02 -0.1934019E+19
 0.271500E+02  0.4578245E+19
 0.272000E+02  0.3136197E+19
 0.272500E+02  0.3676060E+18
 0.273000E+02 -0.4562039E+19
 0.273500E+02  0.1032574E+20
 0.274000E+02 -0.1077241E+20
 0.274500E+02 -0.2803828E+19
 0.275000E+02 -0.6385812E+19
 0.275500E+02  0.1020138E+20
 0.276000E+02  0.1531164E+20
 0.276500E+02 -0.1687699E+20
 0.277000E+02 -0.1743351E+19
 0.277500E+02 -0.5868949E+19
 0.278000E+02  0.1642366E+19
 0.278500E+02  0.4167088E+19
 0.279000E+02 -0.2032266E+19
 0.279500E+02 -0.1701803E+20
 0.280000E+02 -0.3097804E+20
 0.280500E+02  0.2594608E+19
 0.281000E+02  0.1657491E+20
 0.281500E+02  0.2102505E+20
 0.282000E+02 -0.9194678E+19
 0.282500E+02 -0.1110164E+20
 0.283000E+02  0.8400996E+19
 0.283500E+02 -0.1195400E+20
 0.284000E+02 -0.2425212E+20
 0.284500E+02 -0.1040216E+20
 0.285000E+02  0.4544174E+19
 0.285500E+02 -0.1396294E+20
 0.286000E+02  0.7404684E+19
 0.286500E+02  0.6963664E+19
 0.287000E+02 -0.2576849E+19
 0.287500E+02  0.2249882E+20
 0.288000E+02 -0.6843164E+18
 0.288500E+02 -0.1908188E+20
 0.289000E+02 -0.1176654E+20
 0.289500E+02 -0.6897273E+19
 0.290000E+02  0.1883775E+20
 0.290500E+02  0.1477076E+20
 0.291000E+02 -0.1317722E+20
 0.291500E+02 -0.6723817E+19
 0.292000E+02 -0.2630073E+20
 0.292500E+02 -0.1243359E+20
 0.293000E+02  0.5619870E+19
 0.293500E+02 -0.8893153E+18
 0.294000E+02  0.1114583E+20
 0.294500E+02  0.8345004E+19
 0.295000E+02 -0.6484613E+18
 0.295500E+02 -0.2709263E+20
 0.296000E+02 -0.1099929E+20
 0.296500E+02  0.1507728E+20
 0.297000E+02 -0.1083229E+20
 0.297500E+02  0.3949525E+19
 0.298000E+02  0.1426878E+20
 0.298500E+02  0.3457038E+19
 0.299000E+02  0.5091043E+19
 0.299500E+02  0.8183644E+19
 0.300000E+02 -0.1228250E+20
 0.300500E+02 -0.1501020E+20
 0.301000E+02 -0.2965632E+19
 0.301500E+02 -0.1456986E+20
 0.302000E+02  0.8328921E+19
 0.302500E+02  0.5953337E+19
 0.303000E+02 -0.1370012E+20
 0.303500E+02  0.2792903E+19
 0.304000E+02 -0.1678129E+20
 0.304500E+02 -0.6394444E+19
 0.305000E+02  0.1352059E+20
 0.305500E+02  0.2952936E+20
 0.306000E+02  0.7114094E+19
 0.306500E+02 -0.1013014E+20
 0.307000E+02 -0.2953818E+20
 0.307500E+02  0.7113152E+19
 0.308000E+02  0.1814460E+20
 0.308500E+02  0.1133711E+20
 0.309000E+02 -0.2125698E+20
 0.309500E+02 -0.3473384E+19
 0.310000E+02 -0.3958175E+19
 0.310500E+02 -0.8859835E+18
 0.311000E+02  0.1379320E+20
 0.311500E+02  0.2191718E+20
 0.312000E+02 -0.5428300E+18
 0.312500E+02 -0.1481934E+20
 0.313000E+02 -0.2345786E+19
 0.313500E+02 -0.1290318E+20
 0.314000E+02 -0.1004846E+20
 0.314500E+02  0.1238565E+20
 0.315000E+02 -0.2652660E+19
 0.315500E+02 -0.2208402E+20
 0.316000E+02  0.1340746E+20
 0.316500E+02  0.1752805E+20
 0.317000E+02 -0.4989913E+19
 0.317500E+02 -0.1439427E+20
 0.318000E+02 -0.1772626E+20
 0.318500E+02  0.1569546E+20
 0.319000E+02  0.1969336E+20
 0.319500E+02  0.6873789E+18
 0.320000E+02  0.7881381E+19
 0.320500E+02 -0.3717869E+19
 0.321000E+02 -0.1212535E+20
 0.321500E+02 -0.1146651E+20
 0.322000E+02 -0.1668398E+20
 0.322500E+02 -0.2089860E+20
 0.323000E+02  0.1702636E+20
 0.323500E+02  0.3756022E+20
 0.324000E+02  0.7010019E+19
 0.324500E+02  0.1171598E+20
 0.325000E+02 -0.5535119E+19
 0.325500E+02  0.1254477E+20
 0.326000E+02  0.1801263E+20
 0.326500E+02  0.8230787E+19
 0.327000E+02 -0.1796487E+20
 0.327500E+02 -0.2681412E+20
 0.328000E+02 -0.2351106E+20
 0.328500E+02  0.1039588E+20
 0.329000E+02  0.2100721E+20
 0.329500E+02 -0.4795118E+19
 0.330000E+02 -0.4702229E+19
 0.330500E+02  0.7034565E+19
 0.331000E+02  0.1561974E+19
 0.331500E+02 -0.2531714E+19
 0.332000E+02  0.1068377E+19
 0.332500E+02  0.6276501E+19
 0.333000E+02  0.1076224E+20
 0.333500E+02  0.1454662E+20
 0.334000E+02 -0.9115901E+19
 0.334500E+02 -0.2726435E+20
 0.335000E+02 -0.1171774E+20
 0.335500E+02  0.1088084E+20
 0.336000E+02 -0.4182284E+19
 0.336500E+02  0.8389190E+19
 0.337000E+02  0.3154367E+19
 0.337500E+02  0.5836991E+19
 0.338000E+02 -0.2336945E+19
 0.338500E+02 -0.4979058E+18
 0.339000E+02 -0.1253269E+20
 0.339500E+02 -0.5108245E+19
 0.340000E+02  0.2997621E+20
 0.340500E+02 -0.6932830E+18
 0.341000E+02 -0.3713156E+19
 0.341500E+02  0.1592356E+20
 0.342000E+02 -0.2437365E+20
 0.342500E+02 -0.2855775E+20
 0.343000E+02  0.6680844E+19
 0.343500E+02  0.1942328E+20
 0.344000E+02 -0.2347899E+19
 0.344500E+02 -0.5823514E+19
 0.345000E+02 -0.2367323E+19
 0.345500E+02  0.7397136E+19
 0.346000E+02  0.5247397E+19
 0.346500E+02 -0.1666271E+19
 0.347000E+02 -0.1653600E+19
 0.347500E+02 -0.1078916E+20
 0.348000E+02 -0.3688061E+19
 0.348500E+02 -0.3190526E+19
 0.349000E+02  0.2457631E+19
 0.349500E+02 -0.1756377E+19
 0.350000E+02 -0.2675234E+19
 0.350500E+02  0.1627701E+19
 0.351000E+02  0.1414010E+19
 0.351500E+02 -0.1817413E+20
 0.352000E+02 -0.2386297E+20
 0.352500E+02  0.9671935E+19
 0.353000E+02  0.2192029E+20
 0.353500E+02  0.1418089E+19
 0.354000E+02 -0.1681671E+20
 0.354500E+02 -0.1003353E+19
 0.355000E+02  0.9214906E+19
 0.355500E+02  0.1612774E+20
 0.356000E+02  0.1210471E+19
 0.356500E+02 -0.2359567E+20
 0.357000E+02 -0.5400150E+19
 0.357500E+02  0.1865515E+20
 0.358000E+02  0.9528371E+19
 0.358500E+02  0.1182368E+20
 0.359000E+02 -0.1445757E+20
 0.359500E+02 -0.2344033E+20
 0.360000E+02  0.7417903E+19
 0.360500E+02  0.1994859E+20
 0.361000E+02  0.3730170E+19
 0.361500E+02 -0.3750518E+20
 0.362000E+02 -0.1894090E+20
 0.362500E+02  0.1485841E+20
 0.363000E+02  0.2427761E+20
 0.363500E+02  0.1098664E+20
 0.364000E+02 -0.9189144E+19
 0.364500E+02 -0.4096373E+17
 0.365000E+02 -0.8306927E+19
 0.365500E+02  0.6271598E+18
 0.366000E+02 -0.1041432E+19
 0.366500E+02  0.5347414E+19
 0.367000E+02  0.1794453E+20
 0.367500E+02 -0.2146215E+18
 0.368000E+02  0.9618851E+19
 0.368500E+02 -0.4072159E+19
 0.369000E+02 -0.1415782E+20
 0.369500E+02  0.1556645E+20
 0.370000E+02  0.7056982E+19
 0.370500E+02 -0.1355100E+20
 0.371000E+02 -0.1246321E+20
 0.371500E+02  0.2074888E+20
 0.372000E+02  0.6529840E+19
 0.372500E+02 -0.1233795E+20
 0.373000E+02 -0.7066013E+18
 0.373500E+02 -0.1818840E+20
 0.374000E+02 -0.7164180E+19
 0.374500E+02  0.4238770E+19
 0.375000E+02 -0.6449635E+19
 0.375500E+02  0.1957367E+20
 0.376000E+02 -0.3349738E+19
 0.376500E+02 -0.1643604E+20
 0.377000E+02 -0.1413812E+20
 0.377500E+02 -0.1142205E+20
 0.378000E+02  0.9031165E+19
 0.378500E+02  0.8876100E+18
 0.379000E+02 -0.4270419E+19
 0.379500E+02  0.1117668E+20
 0.380000E+02  0.4814465E+19
 0.380500E+02  0.5263682E+19
 0.381000E+02  0.9990883E+19
 0.381500E+02 -0.6912053E+19
 0.382000E+02 -0.7755978E+19
 0.382500E+02 -0.7015232E+19
 0.383000E+02 -0.6868094E+19
 0.383500E+02 -0.1507155E+19
 0.384000E+02  0.9293921E+19
 0.384500E+02  0.2956958E+20
 0.385000E+02 -0.5728861E+19
 0.385500E+02 -0.5474922E+19
 0.386000E+02  0.9545555E+19
 0.386500E+02  0.1008730E+20
 0.387000E+02 -0.1098317E+20
 0.387500E+02 -0.2594627E+20
 0.388000E+02 -0.5827977E+19
 0.388500E+02  0.5754971E+19
 0.389000E+02  0.2245998E+18
 0.389500E+02 -0.1071195E+20
 0.390000E+02 -0.7057757E+19
 0.390500E+02  0.1914981E+20
 0.391000E+02 -0.1367558E+20
 0.391500E+02 -0.3012156E+20
 0.392000E+02  0.2183467E+20
 0.392500E+02  0.1465724E+20
 0.393000E+02 -0.9021103E+19
 0.393500E+02 -0.9005252E+19
 0.394000E+02  0.1388362E+20
 0.394500E+02  0.1786795E+20
 0.395000E+02 -0.1764159E+19
 0.395500E+02 -0.1562818E+20
 0.396000E+02  0.1694484E+20
 0.396500E+02  0.1811297E+20
 0.397000E+02  0.1072023E+20
 0.397500E+02  0.1726160E+19
 0.398000E+02  0.3609471E+19
 0.398500E+02 -0.2163110E+20
 0.399000E+02 -0.1093855E+19
 0.399500E+02  0.2186667E+20
 0.400000E+02  0.5611834E+19
 0.400500E+02 -0.1594216E+20
 0.401000E+02 -0.9422250E+19
 0.401500E+02  0.9311661E+19
 0.402000E+02  0.1483933E+20
 0.402500E+02  0.8598842E+19
 0.403000E+02 -0.1588030E+20
 0.403500E+02 -0.1632902E+20
 0.404000E+02  0.4640022E+17
 0.404500E+02  0.6955058E+19
 0.405000E+02  0.4497082E+19
 0.405500E+02 -0.1162471E+20
 0.406000E+02 -0.9462495E+19
 0.406500E+02  0.1203747E+19
 0.407000E+02  0.1122547E+20
 0.407500E+02 -0.7158814E+18
 0.408000E+02  0.1393297E+20
 0.408500E+02 -0.5548270E+19
 0.409000E+02 -0.7985090E+19
 0.409500E+02 -0.2766373E+20
 0.410000E+02 -0.1389577E+20
 0.410500E+02  0.2179259E+20
 0.411000E+02  0.2543961E+20
 0.411500E+02 -0.2950262E+19
 0.412000E+02 -0.1270153E+20
 0.412500E+02 -0.8370686E+19
 0.413000E+02 -0.1416389E+20
 0.413500E+02 -0.1973703E+20
 0.414000E+02  0.8443714E+19
 0.414500E+02  0.1158159E+20
 0.415000E+02  0.1495164E+20
 0.415500E+02 -0.4335140E+19
 0.416000E+02 -0.1369190E+20
 0.416500E+02  0.1342003E+20
 0.417000E+02 -0.9814934E+19
 0.417500E+02  0.3333276E+19
 0.418000E+02 -0.1646656E+20
 0.418500E+02 -0.6312621E+18
 0.419000E+02  0.7174786E+19
 0.419500E+02  0.1158705E+20
 0.420000E+02  0.4758110E+19
 0.420500E+02 -0.5972503E+19
 0.421000E+02 -0.1739911E+20
 0.421500E+02  0.6320675E+19
 0.422000E+02  0.9616921E+19
 0.422500E+02  0.1180911E+20
 0.423000E+02 -0.3800795E+19
 0.423500E+02  0.7425309E+19
 0.424000E+02  0.1360325E+20
 0.424500E+02  0.1227988E+20
 0.425000E+02 -0.1775653E+20
 0.425500E+02 -0.1643525E+20
 0.426000E+02  0.2435190E+20
 0.426500E+02  0.1289409E+19
 0.427000E+02 -0.3420305E+19
 0.427500E+02 -0.5832139E+18
 0.428000E+02 -0.1063162E+20
 0.428500E+02  0.4748436E+19
 0.429000E+02  0.2775370E+20
 0.429500E+02  0.1913570E+20
 0.430000E+02 -0.5876451E+19
 0.430500E+02 -0.4481886E+19
 0.431000E+02  0.2880163E+20
 0.431500E+02 -0.2314250E+19
 0.432000E+02 -0.2471011E+20
 0.432500E+02 -0.8560462E+19
 0.433000E+02  0.3589752E+19
 0.433500E+02  0.2491087E+20
 0.434000E+02 -0.1267843E+19
 0.434500E+02 -0.3081462E+19
 0.435000E+02 -0.1045307E+20
 0.435500E+02  0.1558248E+19
 0.436000E+02 -0.6420963E+19
 0.436500E+02 -0.1132860E+20
 0.437000E+02 -0.1545896E+19
 0.437500E+02  0.5210410E+19
 0.438000E+02  0.1906372E+20
 0.438500E+02 -0.1170823E+20
 0.439000E+02 -0.1138987E+20
 0.439500E+02  0.6303267E+19
 0.440000E+02  0.3055485E+19
 0.440500E+02  0.6370759E+19
 0.441000E+02  0.1412712E+20
 0.441500E+02  0.2253118E+19
 0.442000E+02 -0.9486441E+19
 0.442500E+02 -0.2745580E+19
 0.443000E+02  0.7333646E+19
 0.443500E+02  0.6122927E+19
 0.444000E+02 -0.4024297E+19
 0.444500E+02 -0.1135929E+20
 0.445000E+02  0.1003919E+20
 0.445500E+02  0.1329213E+20
 0.446000E+02  0.4619257E+18
 0.446500E+02 -0.7496058E+18
 0.447000E+02 -0.2060796E+20
 0.447500E+02 -0.1133077E+19
 0.448000E+02  0.1211377E+20
 0.448500E+02 -0.1362067E+20
 0.449000E+02 -0.1378571E+20
 0.449500E+02  0.9118522E+19
 0.450000E+02  0.1493815E+20
 0.450500E+02 -0.8301630E+19
 0.451000E+02 -0.2727324E+20
 0.451500E+02 -0.3091839E+19
 0.452000E+02  0.5548146E+19
 0.452500E+02 -0.9693365E+19
 0.453000E+02 -0.2073342E+19
 0.453500E+02  0.3445023E+20
 0.454000E+02  0.8011228E+19
 0.454500E+02 -0.1768192E+19
 0.455000E+02  0.5594109E+19
 0.455500E+02 -0.1421404E+19
 0.456000E+02  0.8559565E+19
 0.456500E+02 -0.7013474E+19
 0.457000E+02 -0.1232621E+19
 0.457500E+02 -0.4203477E+19
 0.458000E+02  0.1177675E+20
 0.458500E+02  0.1144352E+20
 0.459000E+02 -0.7736985E+19
 0.459500E+02  0.6871901E+18
 0.460000E+02  0.1700121E+20
 0.460500E+02 -0.8007642E+19
 0.461000E+02 -0.6494842E+19
 0.461500E+02 -0.1591285E+20
 0.462000E+02 -0.1083453E+20
 0.462500E+02  0.2759374E+18
 0.463000E+02  0.8500305E+19
 0.463500E+02  0.1707119E+20
 0.464000E+02 -0.2090400E+20
 0.464500E+02  0.5684162E+19
 0.465000E+02  0.2451319E+20
 0.465500E+02  0.4858998E+19
 0.466000E+02  0.2798128E+19
 0.466500E+02 -0.2040858E+19
 0.467000E+02 -0.1570405E+20
 0.467500E+02 -0.1533575E+20
 0.468000E+02  0.1765661E+20
 0.468500E+02 -0.1088493E+19
 0.469000E+02 -0.1330789E+20
 0.469500E+02 -0.3980036E+19
 0.470000E+02  0.1892089E+20
 0.470500E+02  0.1041920E+20
 0.471000E+02 -0.1112695E+20
 0.471500E+02 -0.1843792E+20
 0.472000E+02  0.7046033E+19
 0.472500E+02 -0.1247845E+20
 0.473000E+02 -0.3708345E+18
 0.473500E+02  0.1385051E+20
 0.474000E+02  0.2251245E+20
 0.474500E+02  0.1093103E+20
 0.475000E+02 -0.3733932E+19
 0.475500E+02 -0.8507290E+19
 0.476000E+02 -0.7817916E+19
 0.476500E+02 -0.2265639E+19
 0.477000E+02  0.2505395E+19
 0.477500E+02  0.1174034E+19
 0.478000E+02 -0.2529930E+19
 0.478500E+02  0.3172868E+19
 0.479000E+02  0.5838889E+19
 0.479500E+02 -0.1121165E+20
 0.480000E+02  0.3598538E+19
 0.480500E+02  0.6911939E+19
 0.481000E+02 -0.4924613E+19
 0.481500E+02 -0.6158654E+19
 0.482000E+02  0.1604254E+20
 0.482500E+02 -0.1814318E+20
 0.483000E+02 -0.1259886E+20
 0.483500E+02 -0.7866756E+18
 0.484000E+02 -0.1928549E+20
 0.484500E+02 -0.7954810E+19
 0.485000E+02  0.9674823E+19
 0.485500E+02  0.4797955E+19
 0.486000E+02 -0.1247802E+20
 0.486500E+02 -0.8305555E+19
 0.487000E+02 -0.3902723E+19
 0.487500E+02  0.1405158E+19
 0.488000E+02  0.9132099E+19
 0.488500E+02  0.4121115E+19
 0.489000E+02 -0.4616397E+18
 0.489500E+02 -0.1775756E+20
 0.490000E+02 -0.1550902E+19
 0.490500E+02  0.2682183E+20
 0.491000E+02  0.1367504E+20
 0.491500E+02  0.1073139E+19
 0.492000E+02  0.8545468E+18
 0.492500E+02  0.8955865E+19
 0.493000E+02 -0.9329884E+19
 0.493500E+02  0.1283199E+20
 0.494000E+02 -0.2069036E+19
 0.494500E+02  0.1850406E+19
 0.495000E+02 -0.1527634E+20
 0.495500E+02 -0.2572208E+20
 0.496000E+02  0.8426467E+19
 0.496500E+02  0.1995670E+20
 0.497000E+02  0.7563303E+19
 0.497500E+02 -0.2643870E+20
 0.498000E+02  0.4802557E+19
 0.498500E+02  0.6351186E+19
 0.499000E+02  0.1446864E+20
 0.499500E+02  0.6505898E+19
 0.500000E+02 -0.1664713E+20
