 0.500000E-01  0.7175789E+21
 0.100000E+00  0.1124635E+21
 0.150000E+00 -0.2477242E+21
 0.200000E+00 -0.1226802E+21
 0.250000E+00 -0.7255026E+19
 0.300000E+00  0.3310519E+20
 0.350000E+00 -0.5407264E+19
 0.400000E+00 -0.4255527E+20
 0.450000E+00 -0.3033131E+20
 0.500000E+00  0.1850880E+19
 0.550000E+00  0.1676476E+20
 0.600000E+00  0.1201373E+20
 0.650000E+00  0.1173678E+19
 0.700000E+00 -0.8042050E+19
 0.750000E+00 -0.5731510E+19
 0.800000E+00  0.4641715E+19
 0.850000E+00 -0.2062728E+19
 0.900000E+00 -0.2900831E+20
 0.950000E+00  0.4727528E+19
 0.100000E+01  0.9689624E+19
 0.105000E+01 -0.1315889E+20
 0.110000E+01 -0.4103286E+19
 0.115000E+01  0.9146701E+19
 0.120000E+01  0.9575187E+19
 0.125000E+01 -0.1467451E+19
 0.130000E+01  0.1013497E+20
 0.135000E+01  0.8888915E+19
 0.140000E+01 -0.8882597E+19
 0.145000E+01  0.5514366E+19
 0.150000E+01  0.4235889E+19
 0.155000E+01 -0.2211340E+20
 0.160000E+01 -0.2677921E+20
 0.165000E+01 -0.4833704E+19
 0.170000E+01  0.6001403E+19
 0.175000E+01 -0.1256112E+19
 0.180000E+01  0.1053872E+20
 0.185000E+01 -0.9047591E+19
 0.190000E+01 -0.3775311E+19
 0.195000E+01 -0.1343323E+20
 0.200000E+01  0.1947353E+19
 0.205000E+01  0.1601830E+20
 0.210000E+01  0.5989521E+19
 0.215000E+01 -0.5539210E+19
 0.220000E+01  0.2471796E+20
 0.225000E+01  0.2464188E+19
 0.230000E+01 -0.7893291E+19
 0.235000E+01 -0.7207213E+19
 0.240000E+01  0.1472258E+20
 0.245000E+01  0.2248179E+20
 0.250000E+01  0.3833554E+19
 0.255000E+01  0.4880000E+19
 0.260000E+01  0.2434328E+19
 0.265000E+01 -0.5000222E+19
 0.270000E+01 -0.1563130E+20
 0.275000E+01 -0.6381859E+18
 0.280000E+01  0.2934245E+20
 0.285000E+01 -0.1367024E+19
 0.290000E+01 -0.2466801E+20
 0.295000E+01 -0.7515664E+19
 0.300000E+01 -0.8001039E+19
 0.305000E+01  0.9111868E+19
 0.310000E+01  0.1021608E+20
 0.315000E+01 -0.3394885E+19
 0.320000E+01 -0.9405222E+19
 0.325000E+01  0.6439901E+19
 0.330000E+01  0.1980301E+20
 0.335000E+01  0.5428612E+18
 0.340000E+01 -0.1292494E+20
 0.345000E+01  0.3998994E+19
 0.350000E+01  0.1412088E+20
 0.355000E+01  0.8496482E+19
 0.360000E+01  0.2437429E+20
 0.365000E+01 -0.1228001E+20
 0.370000E+01 -0.5716171E+19
 0.375000E+01 -0.9222758E+19
 0.380000E+01 -0.4867170E+19
 0.385000E+01  0.2046152E+20
 0.390000E+01  0.1196439E+20
 0.395000E+01 -0.1339451E+20
 0.400000E+01 -0.3970686E+20
 0.405000E+01 -0.4470728E+19
 0.410000E+01  0.1764930E+20
 0.415000E+01 -0.3186660E+19
 0.420000E+01 -0.1385040E+18
 0.425000E+01  0.1027708E+20
 0.430000E+01  0.5485560E+19
 0.435000E+01  0.9368668E+19
 0.440000E+01 -0.1716422E+20
 0.445000E+01  0.5610772E+19
 0.450000E+01  0.2775400E+20
 0.455000E+01  0.6360534E+19
 0.460000E+01 -0.1021558E+20
 0.465000E+01 -0.1408722E+20
 0.470000E+01  0.1840624E+20
 0.475000E+01 -0.2176823E+19
 0.480000E+01  0.3238576E+19
 0.485000E+01  0.5279915E+19
 0.490000E+01  0.1177693E+20
 0.495000E+01  0.1063314E+20
 0.500000E+01 -0.1344363E+20
 0.505000E+01 -0.1222963E+20
 0.510000E+01 -0.4033587E+19
 0.515000E+01  0.6372805E+18
 0.520000E+01  0.2030655E+20
 0.525000E+01 -0.6058416E+19
 0.530000E+01 -0.1859890E+20
 0.535000E+01 -0.3642700E+19
 0.540000E+01  0.5498105E+19
 0.545000E+01  0.1913164E+20
 0.550000E+01  0.1514252E+20
 0.555000E+01  0.2862522E+19
 0.560000E+01 -0.2822903E+20
 0.565000E+01 -0.1836628E+20
 0.570000E+01  0.2280464E+19
 0.575000E+01 -0.1020852E+20
 0.580000E+01  0.2316753E+18
 0.585000E+01  0.1031246E+20
 0.590000E+01  0.8866146E+19
 0.595000E+01  0.1341497E+20
 0.600000E+01  0.2076395E+19
 0.605000E+01 -0.1364763E+20
 0.610000E+01 -0.1415023E+20
 0.615000E+01 -0.3611899E+19
 0.620000E+01  0.2983771E+20
 0.625000E+01  0.1344735E+19
 0.630000E+01 -0.2323078E+20
 0.635000E+01  0.1009521E+19
 0.640000E+01 -0.3754853E+19
 0.645000E+01 -0.2071883E+20
 0.650000E+01  0.5364379E+19
 0.655000E+01 -0.6787667E+19
 0.660000E+01 -0.2482408E+19
 0.665000E+01  0.1459028E+20
 0.670000E+01  0.2312203E+20
 0.675000E+01  0.3389581E+19
 0.680000E+01  0.6349725E+19
 0.685000E+01  0.8845033E+19
 0.690000E+01 -0.1083127E+20
 0.695000E+01 -0.1138857E+20
 0.700000E+01  0.1434308E+20
 0.705000E+01 -0.4298984E+19
 0.710000E+01 -0.1563166E+19
 0.715000E+01  0.3038198E+18
 0.720000E+01  0.1294831E+19
 0.725000E+01  0.6829350E+19
 0.730000E+01 -0.4806411E+19
 0.735000E+01 -0.1207861E+20
 0.740000E+01 -0.4968540E+19
 0.745000E+01  0.1145719E+20
 0.750000E+01 -0.7132259E+18
 0.755000E+01  0.1236437E+20
 0.760000E+01 -0.3247313E+19
 0.765000E+01  0.8549331E+19
 0.770000E+01  0.3469554E+19
 0.775000E+01 -0.1741347E+20
 0.780000E+01 -0.1473031E+20
 0.785000E+01  0.4697204E+19
 0.790000E+01  0.2214399E+19
 0.795000E+01  0.8951635E+19
 0.800000E+01 -0.6435618E+19
 0.805000E+01  0.4511334E+19
 0.810000E+01  0.6282113E+19
 0.815000E+01  0.8640305E+19
 0.820000E+01  0.1928181E+19
 0.825000E+01 -0.2196157E+20
 0.830000E+01 -0.1569161E+20
 0.835000E+01 -0.1835770E+20
 0.840000E+01  0.1051009E+20
 0.845000E+01  0.5247581E+19
 0.850000E+01 -0.4745478E+19
 0.855000E+01  0.2893073E+19
 0.860000E+01  0.2456749E+19
 0.865000E+01 -0.5047339E+19
 0.870000E+01  0.3089330E+19
 0.875000E+01  0.1153420E+20
 0.880000E+01 -0.1350248E+20
 0.885000E+01 -0.1255002E+20
 0.890000E+01  0.2591213E+19
 0.895000E+01 -0.1453163E+20
 0.900000E+01 -0.3059452E+20
 0.905000E+01 -0.1979581E+19
 0.910000E+01 -0.1925365E+19
 0.915000E+01  0.2643793E+19
 0.920000E+01  0.1562438E+20
 0.925000E+01  0.5134041E+19
 0.930000E+01 -0.1337327E+20
 0.935000E+01  0.9537530E+19
 0.940000E+01  0.2455309E+19
 0.945000E+01 -0.6601162E+19
 0.950000E+01  0.1274970E+19
 0.955000E+01  0.5176226E+19
 0.960000E+01 -0.1199793E+20
 0.965000E+01 -0.5497071E+19
 0.970000E+01 -0.1055529E+20
 0.975000E+01 -0.1679910E+19
 0.980000E+01 -0.1557729E+20
 0.985000E+01  0.1163960E+18
 0.990000E+01  0.8631864E+19
 0.995000E+01  0.1418160E+19
 0.100000E+02  0.1396087E+20
 0.100500E+02  0.1785045E+19
 0.101000E+02 -0.1909801E+20
 0.101500E+02  0.6774973E+19
 0.102000E+02 -0.3315637E+19
 0.102500E+02  0.2161402E+19
 0.103000E+02  0.1117473E+20
 0.103500E+02  0.6405216E+19
 0.104000E+02  0.6272847E+19
 0.104500E+02 -0.2324076E+20
 0.105000E+02  0.7008735E+19
 0.105500E+02 -0.1619969E+19
 0.106000E+02  0.2219071E+19
 0.106500E+02  0.2746493E+20
 0.107000E+02  0.1732790E+20
 0.107500E+02 -0.2504803E+20
 0.108000E+02  0.3749283E+19
 0.108500E+02  0.3857019E+19
 0.109000E+02  0.2058644E+20
 0.109500E+02 -0.3723839E+19
 0.110000E+02 -0.1437857E+20
 0.110500E+02  0.8208979E+19
 0.111000E+02 -0.6370186E+18
 0.111500E+02  0.2377502E+19
 0.112000E+02  0.6997424E+19
 0.112500E+02  0.1155550E+20
 0.113000E+02 -0.3487651E+18
 0.113500E+02  0.6899947E+19
 0.114000E+02  0.3316594E+19
 0.114500E+02 -0.2019975E+20
 0.115000E+02 -0.8642660E+19
 0.115500E+02  0.1367883E+19
 0.116000E+02 -0.8232060E+19
 0.116500E+02  0.7665689E+19
 0.117000E+02  0.1156692E+20
 0.117500E+02  0.8771331E+19
 0.118000E+02 -0.6205535E+19
 0.118500E+02  0.1368328E+20
 0.119000E+02 -0.5485845E+19
 0.119500E+02 -0.2347270E+20
 0.120000E+02 -0.9581086E+19
 0.120500E+02 -0.4685370E+19
 0.121000E+02  0.2003256E+20
 0.121500E+02  0.2827949E+19
 0.122000E+02  0.7733543E+19
 0.122500E+02  0.1436739E+20
 0.123000E+02 -0.5771715E+19
 0.123500E+02  0.1471678E+20
 0.124000E+02 -0.3404361E+19
 0.124500E+02 -0.1632942E+20
 0.125000E+02  0.7691528E+19
 0.125500E+02  0.2699536E+20
 0.126000E+02  0.2455540E+20
 0.126500E+02 -0.9624135E+19
 0.127000E+02 -0.1354261E+20
 0.127500E+02 -0.1051435E+20
 0.128000E+02  0.4325119E+19
 0.128500E+02  0.1119346E+20
 0.129000E+02 -0.6299114E+19
 0.129500E+02 -0.2701527E+18
 0.130000E+02  0.1355413E+20
 0.130500E+02  0.4031896E+19
 0.131000E+02 -0.1797975E+20
 0.131500E+02 -0.4485265E+19
 0.132000E+02 -0.1999565E+19
 0.132500E+02  0.5531577E+19
 0.133000E+02  0.4011055E+19
 0.133500E+02 -0.8865575E+19
 0.134000E+02  0.6841838E+19
 0.134500E+02 -0.4881349E+19
 0.135000E+02  0.1153553E+20
 0.135500E+02  0.1156515E+20
 0.136000E+02  0.3510113E+19
 0.136500E+02  0.2165022E+19
 0.137000E+02  0.5623139E+19
 0.137500E+02  0.1470294E+20
 0.138000E+02 -0.3288754E+20
 0.138500E+02 -0.2724530E+20
 0.139000E+02 -0.4136871E+19
 0.139500E+02  0.9142463E+19
 0.140000E+02  0.3900262E+19
 0.140500E+02  0.8564268E+19
 0.141000E+02  0.1007607E+20
 0.141500E+02 -0.9674055E+19
 0.142000E+02 -0.1472482E+20
 0.142500E+02  0.1490381E+20
 0.143000E+02  0.1140204E+18
 0.143500E+02  0.4469205E+19
 0.144000E+02 -0.5246762E+19
 0.144500E+02 -0.1173599E+20
 0.145000E+02 -0.1583247E+20
 0.145500E+02 -0.6364302E+19
 0.146000E+02  0.1277010E+20
 0.146500E+02  0.2103899E+20
 0.147000E+02  0.1749920E+19
 0.147500E+02  0.6004332E+19
 0.148000E+02 -0.1694881E+20
 0.148500E+02  0.3449186E+18
 0.149000E+02  0.2037483E+20
 0.149500E+02 -0.1586036E+20
 0.150000E+02 -0.9066246E+19
 0.150500E+02 -0.1290115E+20
 0.151000E+02  0.4557960E+19
 0.151500E+02  0.4223266E+19
 0.152000E+02 -0.3256850E+19
 0.152500E+02  0.1997402E+20
 0.153000E+02  0.6721629E+19
 0.153500E+02 -0.1358636E+20
 0.154000E+02 -0.6665491E+19
 0.154500E+02 -0.8871564E+18
 0.155000E+02 -0.4162142E+18
 0.155500E+02 -0.5785716E+19
 0.156000E+02 -0.2529306E+20
 0.156500E+02  0.1610598E+20
 0.157000E+02  0.1192778E+20
 0.157500E+02 -0.8992735E+19
 0.158000E+02 -0.2267971E+20
 0.158500E+02  0.6564104E+19
 0.159000E+02  0.1523528E+20
 0.159500E+02  0.9629484E+19
 0.160000E+02 -0.2171028E+20
 0.160500E+02 -0.3465488E+19
 0.161000E+02  0.1493599E+20
 0.161500E+02  0.7667888E+19
 0.162000E+02 -0.1604503E+20
 0.162500E+02 -0.9405198E+18
 0.163000E+02 -0.3815279E+19
 0.163500E+02  0.1364052E+20
 0.164000E+02  0.8487293E+19
 0.164500E+02  0.4049008E+19
 0.165000E+02 -0.6269176E+19
 0.165500E+02 -0.1259356E+20
 0.166000E+02 -0.4081013E+18
 0.166500E+02 -0.7075452E+18
 0.167000E+02 -0.8686700E+19
 0.167500E+02 -0.8482233E+19
 0.168000E+02  0.3629378E+19
 0.168500E+02 -0.1376333E+19
 0.169000E+02 -0.8613139E+19
 0.169500E+02  0.4123572E+19
 0.170000E+02 -0.2394682E+19
 0.170500E+02 -0.2482012E+19
 0.171000E+02  0.1092307E+20
 0.171500E+02 -0.1319298E+20
 0.172000E+02  0.1868193E+20
 0.172500E+02  0.5370641E+19
 0.173000E+02 -0.1604303E+20
 0.173500E+02 -0.7815770E+19
 0.174000E+02  0.1071772E+20
 0.174500E+02  0.6012794E+18
 0.175000E+02 -0.7860610E+19
 0.175500E+02  0.1006488E+20
 0.176000E+02 -0.1968658E+20
 0.176500E+02 -0.2631116E+20
 0.177000E+02  0.3838707E+19
 0.177500E+02  0.2159169E+20
 0.178000E+02  0.9591932E+19
 0.178500E+02 -0.2215263E+20
 0.179000E+02 -0.4984969E+18
 0.179500E+02  0.3323791E+20
 0.180000E+02  0.1316774E+20
 0.180500E+02  0.2063010E+19
 0.181000E+02 -0.4964879E+19
 0.181500E+02 -0.1840213E+20
 0.182000E+02  0.5503433E+19
 0.182500E+02 -0.7298820E+19
 0.183000E+02 -0.5356267E+19
 0.183500E+02  0.1107062E+20
 0.184000E+02 -0.3385682E+19
 0.184500E+02 -0.1370571E+20
 0.185000E+02 -0.1065505E+19
 0.185500E+02 -0.1093508E+20
 0.186000E+02 -0.2202324E+20
 0.186500E+02 -0.1271447E+20
 0.187000E+02  0.1862911E+20
 0.187500E+02  0.1650621E+20
 0.188000E+02 -0.1104431E+20
 0.188500E+02  0.1309340E+20
 0.189000E+02 -0.1032431E+20
 0.189500E+02  0.6993619E+19
 0.190000E+02  0.6146529E+18
 0.190500E+02 -0.2007924E+20
 0.191000E+02  0.3940491E+19
 0.191500E+02  0.9660456E+19
 0.192000E+02 -0.8573769E+19
 0.192500E+02  0.8102563E+19
 0.193000E+02  0.2442801E+20
 0.193500E+02  0.9760249E+19
 0.194000E+02 -0.1013561E+20
 0.194500E+02 -0.1360746E+20
 0.195000E+02 -0.1464365E+20
 0.195500E+02 -0.1980454E+19
 0.196000E+02  0.5470776E+19
 0.196500E+02 -0.2165390E+19
 0.197000E+02  0.1741810E+20
 0.197500E+02  0.1926125E+20
 0.198000E+02  0.5052044E+19
 0.198500E+02 -0.1193565E+20
 0.199000E+02 -0.2001540E+20
 0.199500E+02 -0.6444463E+19
 0.200000E+02  0.1117405E+20
 0.200500E+02  0.7941575E+19
 0.201000E+02  0.5084722E+19
 0.201500E+02 -0.3811183E+19
 0.202000E+02 -0.3798228E+19
 0.202500E+02 -0.3957291E+19
 0.203000E+02 -0.7059297E+19
 0.203500E+02 -0.2282041E+20
 0.204000E+02  0.2028425E+20
 0.204500E+02 -0.3648503E+19
 0.205000E+02 -0.8797440E+19
 0.205500E+02  0.1881335E+20
 0.206000E+02  0.3318600E+19
 0.206500E+02 -0.4033678E+19
 0.207000E+02  0.4250918E+19
 0.207500E+02  0.9769939E+19
 0.208000E+02  0.1280467E+20
 0.208500E+02 -0.6187975E+19
 0.209000E+02 -0.1196962E+20
 0.209500E+02 -0.8664599E+19
 0.210000E+02 -0.1472218E+20
 0.210500E+02 -0.1171770E+20
 0.211000E+02 -0.1383260E+20
 0.211500E+02  0.5616725E+19
 0.212000E+02  0.6099112E+19
 0.212500E+02  0.1780205E+20
 0.213000E+02  0.1810507E+20
 0.213500E+02 -0.5261774E+19
 0.214000E+02 -0.1325489E+20
 0.214500E+02 -0.1762493E+20
 0.215000E+02  0.9814960E+19
 0.215500E+02  0.3282132E+20
 0.216000E+02 -0.5996203E+19
 0.216500E+02 -0.8792725E+19
 0.217000E+02  0.9001504E+19
 0.217500E+02  0.1412561E+20
 0.218000E+02 -0.3009266E+19
 0.218500E+02  0.2085303E+19
 0.219000E+02 -0.2262813E+20
 0.219500E+02 -0.2748111E+19
 0.220000E+02  0.1733279E+20
 0.220500E+02  0.2655884E+20
 0.221000E+02  0.5052200E+19
 0.221500E+02 -0.9273400E+19
 0.222000E+02  0.1278587E+19
 0.222500E+02  0.6466396E+19
 0.223000E+02 -0.3349272E+19
 0.223500E+02  0.1005314E+20
 0.224000E+02 -0.8601405E+19
 0.224500E+02 -0.9663819E+19
 0.225000E+02  0.1827882E+20
 0.225500E+02 -0.4199043E+19
 0.226000E+02 -0.1136439E+20
 0.226500E+02 -0.1341840E+20
 0.227000E+02 -0.9000868E+19
 0.227500E+02 -0.6195370E+19
 0.228000E+02  0.1367322E+20
 0.228500E+02 -0.1394085E+20
 0.229000E+02  0.1520224E+19
 0.229500E+02  0.2054313E+20
 0.230000E+02  0.1360342E+20
 0.230500E+02 -0.5464863E+19
 0.231000E+02 -0.9404407E+19
 0.231500E+02  0.1946443E+19
 0.232000E+02 -0.2801812E+19
 0.232500E+02 -0.7094129E+19
 0.233000E+02 -0.5970060E+18
 0.233500E+02 -0.1366355E+20
 0.234000E+02  0.5712023E+19
 0.234500E+02 -0.7422700E+19
 0.235000E+02  0.1159760E+20
 0.235500E+02 -0.1488700E+20
 0.236000E+02 -0.1350867E+20
 0.236500E+02  0.1251112E+20
 0.237000E+02  0.1846291E+20
 0.237500E+02 -0.1609236E+19
 0.238000E+02 -0.1487495E+20
 0.238500E+02 -0.5012814E+19
 0.239000E+02  0.2433568E+19
 0.239500E+02  0.3259905E+19
 0.240000E+02  0.1005966E+20
 0.240500E+02  0.2444211E+20
 0.241000E+02 -0.1426312E+20
 0.241500E+02  0.2926623E+19
 0.242000E+02  0.1304802E+20
 0.242500E+02  0.5440216E+19
 0.243000E+02  0.5155532E+19
 0.243500E+02 -0.7166280E+19
 0.244000E+02  0.9140931E+19
 0.244500E+02 -0.2450726E+19
 0.245000E+02 -0.7142876E+19
 0.245500E+02  0.1627682E+20
 0.246000E+02 -0.1510514E+18
 0.246500E+02  0.8899945E+19
 0.247000E+02  0.2161480E+20
 0.247500E+02 -0.7073938E+19
 0.248000E+02 -0.1076300E+19
 0.248500E+02 -0.3694893E+19
 0.249000E+02  0.9976170E+19
 0.249500E+02  0.6532176E+19
 0.250000E+02 -0.4803376E+19
 0.250500E+02  0.1199180E+20
 0.251000E+02  0.2828820E+19
 0.251500E+02  0.7848836E+19
 0.252000E+02 -0.7358561E+19
 0.252500E+02  0.4683526E+19
 0.253000E+02  0.8174026E+19
 0.253500E+02 -0.1145285E+19
 0.254000E+02 -0.1386984E+19
 0.254500E+02  0.6624829E+19
 0.255000E+02 -0.7322890E+19
 0.255500E+02 -0.5870565E+19
 0.256000E+02  0.4692419E+19
 0.256500E+02 -0.7239794E+18
 0.257000E+02  0.8203169E+19
 0.257500E+02  0.1015824E+20
 0.258000E+02 -0.1334881E+20
 0.258500E+02  0.3195182E+19
 0.259000E+02  0.2987638E+20
 0.259500E+02  0.7060214E+19
 0.260000E+02 -0.1180900E+20
 0.260500E+02 -0.3865590E+19
 0.261000E+02 -0.1373081E+20
 0.261500E+02  0.8624330E+19
 0.262000E+02  0.4278279E+19
 0.262500E+02  0.8198404E+19
 0.263000E+02  0.3829797E+19
 0.263500E+02 -0.4205762E+19
 0.264000E+02 -0.1017407E+20
 0.264500E+02 -0.2045572E+20
 0.265000E+02  0.2743942E+20
 0.265500E+02  0.1961270E+20
 0.266000E+02 -0.3042948E+20
 0.266500E+02 -0.3639124E+20
 0.267000E+02 -0.8678965E+19
 0.267500E+02  0.3346232E+19
 0.268000E+02  0.5006714E+19
 0.268500E+02  0.2472445E+19
 0.269000E+02 -0.3807382E+19
 0.269500E+02  0.4735971E+18
 0.270000E+02 -0.1283527E+20
 0.270500E+02  0.1020593E+20
 0.271000E+02  0.8474612E+18
 0.271500E+02 -0.9534529E+18
 0.272000E+02  0.2513521E+19
 0.272500E+02 -0.1122192E+20
 0.273000E+02 -0.1982794E+20
 0.273500E+02 -0.2996715E+19
 0.274000E+02  0.1990770E+20
 0.274500E+02 -0.2089885E+19
 0.275000E+02 -0.7266682E+19
 0.275500E+02  0.1325615E+20
 0.276000E+02  0.1543556E+20
 0.276500E+02 -0.4661494E+19
 0.277000E+02 -0.2204337E+20
 0.277500E+02  0.1202805E+19
 0.278000E+02  0.4394919E+19
 0.278500E+02  0.2885700E+19
 0.279000E+02 -0.7849926E+19
 0.279500E+02 -0.5511802E+19
 0.280000E+02  0.5814388E+17
 0.280500E+02  0.8105059E+19
 0.281000E+02 -0.5334048E+19
 0.281500E+02  0.6701400E+18
 0.282000E+02  0.1243522E+20
 0.282500E+02 -0.1155329E+20
 0.283000E+02 -0.6412704E+19
 0.283500E+02  0.4392114E+19
 0.284000E+02  0.4163478E+19
 0.284500E+02  0.9367299E+19
 0.285000E+02 -0.1366920E+19
 0.285500E+02 -0.1204275E+20
 0.286000E+02 -0.3134261E+19
 0.286500E+02  0.1251252E+19
 0.287000E+02 -0.1181773E+20
 0.287500E+02  0.6561093E+18
 0.288000E+02  0.1470033E+20
 0.288500E+02  0.6152069E+19
 0.289000E+02  0.6969136E+19
 0.289500E+02 -0.7912616E+19
 0.290000E+02 -0.1825420E+20
 0.290500E+02  0.4259378E+19
 0.291000E+02  0.1509251E+20
 0.291500E+02 -0.3316120E+18
 0.292000E+02 -0.2104926E+20
 0.292500E+02 -0.5180592E+19
 0.293000E+02  0.9880355E+19
 0.293500E+02  0.1504693E+20
 0.294000E+02 -0.6206956E+19
 0.294500E+02 -0.4192794E+18
 0.295000E+02  0.1785695E+20
 0.295500E+02  0.1360902E+20
 0.296000E+02 -0.7808728E+19
 0.296500E+02 -0.1465025E+20
 0.297000E+02 -0.5714167E+19
 0.297500E+02  0.1175172E+20
 0.298000E+02  0.7195587E+19
 0.298500E+02 -0.1821793E+19
 0.299000E+02 -0.4547789E+19
 0.299500E+02  0.9842848E+18
 0.300000E+02 -0.2002541E+19
 0.300500E+02  0.4375795E+19
 0.301000E+02  0.9533240E+19
 0.301500E+02 -0.5516890E+19
 0.302000E+02 -0.2325984E+20
 0.302500E+02  0.7053361E+16
 0.303000E+02  0.1371167E+20
 0.303500E+02 -0.1113154E+20
 0.304000E+02 -0.1550202E+20
 0.304500E+02 -0.2499437E+20
 0.305000E+02 -0.1273126E+19
 0.305500E+02  0.6460660E+19
 0.306000E+02  0.1421796E+20
 0.306500E+02  0.1925673E+20
 0.307000E+02 -0.8220352E+19
 0.307500E+02  0.4438116E+19
 0.308000E+02  0.5197393E+19
 0.308500E+02 -0.1457641E+20
 0.309000E+02 -0.9200823E+19
 0.309500E+02 -0.1638715E+20
 0.310000E+02  0.7764957E+18
 0.310500E+02  0.1768695E+20
 0.311000E+02  0.3194950E+20
 0.311500E+02 -0.5051450E+19
 0.312000E+02 -0.1869948E+20
 0.312500E+02  0.9946734E+19
 0.313000E+02  0.3063251E+20
 0.313500E+02  0.7501214E+19
 0.314000E+02  0.6563663E+18
 0.314500E+02 -0.7820508E+19
 0.315000E+02 -0.8702875E+19
 0.315500E+02  0.1820253E+20
 0.316000E+02  0.2997439E+19
 0.316500E+02 -0.1816483E+20
 0.317000E+02  0.3927190E+19
 0.317500E+02 -0.2433845E+20
 0.318000E+02  0.1105708E+20
 0.318500E+02  0.1568269E+20
 0.319000E+02  0.3032272E+20
 0.319500E+02  0.7556011E+18
 0.320000E+02 -0.2503563E+19
 0.320500E+02 -0.1428887E+20
 0.321000E+02  0.2718842E+19
 0.321500E+02 -0.1136791E+20
 0.322000E+02  0.1622428E+18
 0.322500E+02 -0.1477976E+20
 0.323000E+02 -0.1103688E+20
 0.323500E+02  0.5390627E+19
 0.324000E+02  0.1441626E+20
 0.324500E+02  0.2681152E+20
 0.325000E+02 -0.5643688E+18
 0.325500E+02 -0.6366942E+19
 0.326000E+02  0.3447992E+19
 0.326500E+02 -0.2286044E+20
 0.327000E+02  0.9259126E+19
 0.327500E+02 -0.1889100E+19
 0.328000E+02  0.6719746E+19
 0.328500E+02  0.1415744E+20
 0.329000E+02  0.7626924E+17
 0.329500E+02 -0.2180176E+19
 0.330000E+02  0.5938382E+19
 0.330500E+02 -0.5798735E+18
 0.331000E+02 -0.3059317E+19
 0.331500E+02 -0.1182547E+20
 0.332000E+02  0.1033745E+20
 0.332500E+02 -0.4100400E+19
 0.333000E+02  0.9060373E+19
 0.333500E+02  0.3792595E+19
 0.334000E+02  0.2369390E+19
 0.334500E+02 -0.7785056E+19
 0.335000E+02 -0.1697082E+20
 0.335500E+02  0.3660378E+20
 0.336000E+02  0.2711736E+20
 0.336500E+02 -0.8534240E+19
 0.337000E+02 -0.2059946E+20
 0.337500E+02 -0.3998478E+19
 0.338000E+02  0.1098632E+20
 0.338500E+02 -0.1342890E+20
 0.339000E+02 -0.1820191E+20
 0.339500E+02  0.1669940E+20
 0.340000E+02  0.1431704E+20
 0.340500E+02 -0.1717444E+20
 0.341000E+02 -0.2296030E+20
 0.341500E+02  0.2998862E+19
 0.342000E+02 -0.1155584E+19
 0.342500E+02 -0.2491994E+19
 0.343000E+02  0.1265554E+20
 0.343500E+02  0.1671359E+20
 0.344000E+02 -0.6380744E+19
 0.344500E+02 -0.1509099E+20
 0.345000E+02  0.5833200E+19
 0.345500E+02  0.1415932E+20
 0.346000E+02  0.9938563E+19
 0.346500E+02  0.4939655E+19
 0.347000E+02 -0.2130312E+20
 0.347500E+02  0.6921617E+19
 0.348000E+02  0.3598178E+19
 0.348500E+02 -0.1381830E+19
 0.349000E+02  0.8878161E+19
 0.349500E+02 -0.8462738E+18
 0.350000E+02 -0.9995067E+19
 0.350500E+02 -0.2062509E+20
 0.351000E+02 -0.1817146E+20
 0.351500E+02 -0.1313600E+20
 0.352000E+02 -0.9132540E+19
 0.352500E+02  0.1187736E+20
 0.353000E+02  0.1078466E+20
 0.353500E+02 -0.3795611E+19
 0.354000E+02 -0.1872732E+20
 0.354500E+02  0.1416123E+20
 0.355000E+02  0.3988144E+20
 0.355500E+02 -0.7347724E+18
 0.356000E+02 -0.2538041E+20
 0.356500E+02 -0.9864416E+19
 0.357000E+02 -0.3895971E+19
 0.357500E+02  0.1532048E+20
 0.358000E+02 -0.1336087E+18
 0.358500E+02 -0.1291327E+20
 0.359000E+02 -0.9358451E+19
 0.359500E+02  0.1571816E+20
 0.360000E+02  0.2612528E+20
 0.360500E+02 -0.1300087E+20
 0.361000E+02 -0.9922775E+19
 0.361500E+02 -0.1161554E+20
 0.362000E+02  0.1033481E+20
 0.362500E+02  0.1789874E+19
 0.363000E+02  0.1948182E+20
 0.363500E+02 -0.1378366E+20
 0.364000E+02 -0.8602159E+18
 0.364500E+02  0.9817630E+18
 0.365000E+02 -0.1439502E+20
 0.365500E+02  0.6387328E+19
 0.366000E+02  0.2774716E+19
 0.366500E+02  0.4839878E+19
 0.367000E+02  0.1007031E+20
 0.367500E+02 -0.9593481E+19
 0.368000E+02  0.9910669E+18
 0.368500E+02 -0.1388904E+20
 0.369000E+02 -0.2813326E+19
 0.369500E+02  0.1260115E+20
 0.370000E+02 -0.2467909E+19
 0.370500E+02 -0.1851763E+19
 0.371000E+02 -0.1073698E+20
 0.371500E+02 -0.1443353E+20
 0.372000E+02  0.1337108E+20
 0.372500E+02  0.1882418E+20
 0.373000E+02  0.1539351E+20
 0.373500E+02 -0.1360166E+20
 0.374000E+02 -0.2215089E+20
 0.374500E+02 -0.1579432E+19
 0.375000E+02  0.2793813E+20
 0.375500E+02 -0.6740101E+19
 0.376000E+02 -0.9127067E+19
 0.376500E+02  0.2658859E+20
 0.377000E+02  0.5530999E+19
 0.377500E+02  0.9881519E+19
 0.378000E+02 -0.1160615E+20
 0.378500E+02 -0.5572108E+19
 0.379000E+02 -0.6912803E+19
 0.379500E+02  0.2069448E+20
 0.380000E+02  0.9611803E+19
 0.380500E+02 -0.4453943E+19
 0.381000E+02 -0.1668969E+20
 0.381500E+02  0.9554061E+18
 0.382000E+02  0.4950993E+19
 0.382500E+02 -0.1765600E+20
 0.383000E+02 -0.4317102E+19
 0.383500E+02  0.1794634E+20
 0.384000E+02  0.2799166E+19
 0.384500E+02  0.3197499E+19
 0.385000E+02 -0.1406883E+20
 0.385500E+02  0.4553735E+19
 0.386000E+02  0.1356300E+20
 0.386500E+02 -0.2313609E+19
 0.387000E+02 -0.1754872E+20
 0.387500E+02 -0.7947855E+19
 0.388000E+02 -0.1317292E+20
 0.388500E+02 -0.4550354E+19
 0.389000E+02  0.8665804E+19
 0.389500E+02  0.3464100E+19
 0.390000E+02 -0.2666244E+19
 0.390500E+02  0.2026428E+20
 0.391000E+02  0.6498126E+19
 0.391500E+02 -0.1582356E+20
 0.392000E+02 -0.8140246E+19
 0.392500E+02 -0.8697277E+19
 0.393000E+02  0.2956017E+19
 0.393500E+02  0.2387013E+20
 0.394000E+02  0.2572237E+20
 0.394500E+02 -0.5886616E+19
 0.395000E+02 -0.2342744E+20
 0.395500E+02 -0.6475551E+18
 0.396000E+02  0.1378053E+20
 0.396500E+02 -0.6448665E+19
 0.397000E+02 -0.1830854E+19
 0.397500E+02  0.1823220E+18
 0.398000E+02  0.9509946E+19
 0.398500E+02  0.4670588E+19
 0.399000E+02 -0.5482024E+19
 0.399500E+02  0.3517471E+19
 0.400000E+02 -0.1143460E+20
 0.400500E+02 -0.7838782E+19
 0.401000E+02 -0.1129199E+20
 0.401500E+02  0.5945551E+19
 0.402000E+02 -0.1417470E+19
 0.402500E+02 -0.8239100E+19
 0.403000E+02 -0.9659435E+19
 0.403500E+02 -0.1729164E+18
 0.404000E+02  0.7370364E+19
 0.404500E+02  0.2877236E+19
 0.405000E+02 -0.9597244E+18
 0.405500E+02 -0.2282062E+19
 0.406000E+02  0.2541193E+19
 0.406500E+02  0.6235006E+19
 0.407000E+02 -0.4041604E+19
 0.407500E+02 -0.1115553E+20
 0.408000E+02  0.7887203E+19
 0.408500E+02 -0.7223505E+19
 0.409000E+02  0.2018063E+19
 0.409500E+02  0.4511657E+19
 0.410000E+02 -0.7870660E+19
 0.410500E+02  0.7400990E+19
 0.411000E+02  0.2179794E+20
 0.411500E+02  0.3128785E+19
 0.412000E+02  0.6683733E+19
 0.412500E+02  0.1343280E+19
 0.413000E+02  0.5300518E+19
 0.413500E+02 -0.1804904E+20
 0.414000E+02  0.7746934E+19
 0.414500E+02 -0.6642548E+19
 0.415000E+02 -0.2805619E+20
 0.415500E+02 -0.1426810E+20
 0.416000E+02 -0.1282857E+20
 0.416500E+02 -0.1227012E+19
 0.417000E+02 -0.2089227E+20
 0.417500E+02 -0.2541118E+20
 0.418000E+02  0.1956292E+20
 0.418500E+02  0.1342486E+20
 0.419000E+02  0.4495071E+19
 0.419500E+02  0.9459065E+19
 0.420000E+02  0.7530730E+19
 0.420500E+02 -0.1220484E+20
 0.421000E+02 -0.4195570E+19
 0.421500E+02  0.1561757E+19
 0.422000E+02 -0.2890535E+18
 0.422500E+02 -0.1534942E+18
 0.423000E+02 -0.1794603E+20
 0.423500E+02 -0.1216766E+20
 0.424000E+02  0.1728240E+20
 0.424500E+02 -0.9484687E+19
 0.425000E+02  0.5179590E+19
 0.425500E+02 -0.5080654E+19
 0.426000E+02 -0.6418996E+19
 0.426500E+02 -0.8974651E+19
 0.427000E+02  0.4337232E+19
 0.427500E+02  0.4639063E+19
 0.428000E+02  0.6823983E+18
 0.428500E+02 -0.1291708E+20
 0.429000E+02  0.2886331E+19
 0.429500E+02  0.6440447E+19
 0.430000E+02  0.3279359E+20
 0.430500E+02 -0.5477519E+19
 0.431000E+02 -0.4345236E+19
 0.431500E+02 -0.6766731E+17
 0.432000E+02 -0.2584302E+20
 0.432500E+02  0.8187303E+19
 0.433000E+02 -0.5631980E+19
 0.433500E+02 -0.2053113E+19
 0.434000E+02 -0.7347674E+19
 0.434500E+02 -0.3396304E+19
 0.435000E+02  0.1265464E+20
 0.435500E+02  0.1428480E+20
 0.436000E+02 -0.4655963E+19
 0.436500E+02 -0.1887931E+20
 0.437000E+02 -0.1076298E+20
 0.437500E+02 -0.2346127E+20
 0.438000E+02 -0.1434551E+20
 0.438500E+02  0.1910510E+19
 0.439000E+02  0.2301367E+19
 0.439500E+02  0.1495074E+20
 0.440000E+02  0.1581758E+20
 0.440500E+02 -0.5972806E+19
 0.441000E+02  0.1319612E+20
 0.441500E+02  0.8365696E+19
 0.442000E+02 -0.1378755E+20
 0.442500E+02 -0.2623675E+20
 0.443000E+02  0.9697642E+19
 0.443500E+02  0.2948465E+20
 0.444000E+02  0.2496983E+20
 0.444500E+02 -0.2003375E+19
 0.445000E+02 -0.1503593E+20
 0.445500E+02  0.2907110E+19
 0.446000E+02  0.4953446E+19
 0.446500E+02 -0.2251452E+19
 0.447000E+02  0.9464011E+19
 0.447500E+02 -0.5234257E+19
 0.448000E+02 -0.1797742E+20
 0.448500E+02 -0.1753702E+20
 0.449000E+02 -0.5342018E+19
 0.449500E+02 -0.3328137E+19
 0.450000E+02 -0.2342082E+19
 0.450500E+02  0.2953955E+19
 0.451000E+02  0.8029732E+19
 0.451500E+02 -0.7655973E+18
 0.452000E+02 -0.1220508E+20
 0.452500E+02  0.9053821E+19
 0.453000E+02  0.1104442E+20
 0.453500E+02  0.4853787E+19
 0.454000E+02 -0.1595248E+20
 0.454500E+02  0.6534869E+19
 0.455000E+02 -0.6465911E+19
 0.455500E+02 -0.3641066E+19
 0.456000E+02  0.1019697E+19
 0.456500E+02 -0.2875027E+18
 0.457000E+02 -0.1388258E+20
 0.457500E+02 -0.1201409E+20
 0.458000E+02  0.1033629E+20
 0.458500E+02  0.1376730E+20
 0.459000E+02  0.1213888E+20
 0.459500E+02  0.8111527E+19
 0.460000E+02 -0.1119904E+20
 0.460500E+02 -0.6699342E+19
 0.461000E+02  0.1419822E+20
 0.461500E+02 -0.2862769E+20
 0.462000E+02 -0.5233445E+19
 0.462500E+02  0.1705646E+20
 0.463000E+02 -0.1943052E+18
 0.463500E+02 -0.4429927E+19
 0.464000E+02 -0.4748102E+19
 0.464500E+02 -0.1009518E+20
 0.465000E+02  0.1009405E+20
 0.465500E+02  0.5481522E+19
 0.466000E+02  0.1028070E+20
 0.466500E+02 -0.4593184E+19
 0.467000E+02  0.4435094E+18
 0.467500E+02 -0.1467829E+20
 0.468000E+02 -0.1705106E+20
 0.468500E+02  0.3751053E+19
 0.469000E+02  0.5570363E+19
 0.469500E+02 -0.1440764E+20
 0.470000E+02 -0.1676447E+19
 0.470500E+02 -0.2619992E+19
 0.471000E+02 -0.1116775E+20
 0.471500E+02  0.1400548E+20
 0.472000E+02  0.6499378E+19
 0.472500E+02 -0.2120897E+20
 0.473000E+02  0.6889742E+19
 0.473500E+02 -0.3233011E+19
 0.474000E+02 -0.2586049E+20
 0.474500E+02 -0.6420287E+19
 0.475000E+02  0.5821785E+19
 0.475500E+02  0.5842282E+19
 0.476000E+02 -0.8224880E+19
 0.476500E+02 -0.7091608E+19
 0.477000E+02  0.1008495E+20
 0.477500E+02 -0.1106729E+20
 0.478000E+02  0.8527846E+19
 0.478500E+02 -0.1446374E+20
 0.479000E+02 -0.1279063E+20
 0.479500E+02 -0.1924371E+19
 0.480000E+02  0.1388739E+20
 0.480500E+02 -0.8552961E+19
 0.481000E+02  0.4421278E+17
 0.481500E+02  0.1177401E+20
 0.482000E+02 -0.5005552E+19
 0.482500E+02  0.8766040E+18
 0.483000E+02 -0.1530806E+20
 0.483500E+02 -0.7779616E+19
 0.484000E+02 -0.7764167E+19
 0.484500E+02  0.1624938E+19
 0.485000E+02  0.8068456E+19
 0.485500E+02 -0.1098165E+19
 0.486000E+02  0.5444546E+19
 0.486500E+02  0.4148059E+18
 0.487000E+02  0.6449171E+19
 0.487500E+02  0.1116687E+20
 0.488000E+02 -0.4685861E+19
 0.488500E+02  0.1907045E+18
 0.489000E+02  0.4172618E+19
 0.489500E+02 -0.1455908E+20
 0.490000E+02 -0.1178734E+20
 0.490500E+02  0.8065476E+19
 0.491000E+02  0.2794283E+20
 0.491500E+02  0.1642801E+20
 0.492000E+02  0.1002301E+20
 0.492500E+02 -0.6295706E+19
 0.493000E+02 -0.8214481E+19
 0.493500E+02 -0.1000743E+20
 0.494000E+02 -0.1080136E+19
 0.494500E+02  0.7475471E+19
 0.495000E+02  0.5718835E+19
 0.495500E+02 -0.7981062E+19
 0.496000E+02 -0.5442255E+19
 0.496500E+02 -0.3064318E+19
 0.497000E+02  0.1004762E+20
 0.497500E+02  0.1078399E+20
 0.498000E+02  0.4499901E+19
 0.498500E+02 -0.9906802E+19
 0.499000E+02 -0.1408359E+19
 0.499500E+02  0.9882063E+19
 0.500000E+02  0.4859892E+19
