0.05 1.179401e-15 8.163619e-16
0.1 1.182655e-15 8.213562e-16
0.15 1.184932e-15 8.258229e-16
0.2 1.186243e-15 8.297733e-16
0.25 1.186603e-15 8.331597e-16
0.3 1.185991e-15 8.359688e-16
0.35 1.184424e-15 8.381723e-16
0.4 1.181913e-15 8.397542e-16
0.45 1.178468e-15 8.407072e-16
0.5 1.174092e-15 8.41013e-16
0.55 1.168791e-15 8.40655e-16
0.6 1.162596e-15 8.39615e-16
0.65 1.155505e-15 8.37892e-16
0.7 1.147535e-15 8.354723e-16
0.75 1.138726e-15 8.323287e-16
0.8 1.129074e-15 8.284832e-16
0.85 1.118581e-15 8.239188e-16
0.9 1.107285e-15 8.18624e-16
0.95 1.095202e-15 8.12605e-16
1.0 1.082348e-15 8.058573e-16
1.05 1.068741e-15 7.983779e-16
1.1 1.054412e-15 7.901841e-16
1.15 1.039366e-15 7.812637e-16
1.2 1.023633e-15 7.716418e-16
1.25 1.007244e-15 7.613052e-16
1.3 9.902145e-16 7.502737e-16
1.35 9.725639e-16 7.385515e-16
1.4 9.543358e-16 7.261573e-16
1.45 9.355384e-16 7.130974e-16
1.5 9.161909e-16 6.993962e-16
1.55 8.963323e-16 6.850759e-16
1.6 8.759915e-16 6.70137e-16
1.65 8.552036e-16 6.546221e-16
1.7 8.339668e-16 6.385498e-16
1.75 8.123299e-16 6.219288e-16
1.8 7.903252e-16 6.04784e-16
1.85 7.679529e-16 5.871495e-16
1.9 7.452417e-16 5.690337e-16
1.95 7.222462e-16 5.504874e-16
2.0 6.989906e-16 5.315239e-16
2.05 6.754984e-16 5.121616e-16
2.1 6.517971e-16 4.924431e-16
2.15 6.279119e-16 4.723937e-16
2.2 6.038724e-16 4.520495e-16
2.25 5.796893e-16 4.314289e-16
2.3 5.554166e-16 4.105679e-16
2.35 5.31072e-16 3.894941e-16
2.4 5.066869e-16 3.682351e-16
2.45 4.822941e-16 3.468108e-16
2.5 4.579291e-16 3.2527e-16
2.55 4.336154e-16 3.036329e-16
2.6 4.09373e-16 2.819453e-16
2.65 3.852334e-16 2.602266e-16
2.7 3.61225e-16 2.384932e-16
2.75 3.373552e-16 2.167821e-16
2.8 3.136713e-16 1.951253e-16
2.85 2.901953e-16 1.735432e-16
2.9 2.669618e-16 1.520627e-16
2.95 2.439886e-16 1.307192e-16
3.0 2.213e-16 1.095322e-16
3.05 1.989131e-16 8.851511000000001e-17
3.1 1.76863e-16 6.770075000000001e-17
3.15 1.551624e-16 4.7103200000000007e-17
3.2 1.338407e-16 2.6743700000000004e-17
3.25 1.129151e-16 6.660868e-18
3.3 9.240443000000001e-17 -1.3156360000000001e-17
3.35 7.232984e-17 -3.266473e-17
3.4 5.271227e-17 -5.1854950000000003e-17
3.45 3.356597e-17 -7.071114000000001e-17
3.5 1.489185e-17 -8.921691000000001e-17
3.55 -3.271395e-18 -1.073505e-16
3.6 -2.0938710000000002e-17 -1.251123e-16
3.65 -3.8072140000000005e-17 -1.424767e-16
3.7 -5.4680530000000005e-17 -1.594497e-16
3.75 -7.075172e-17 -1.759986e-16
3.8 -8.627369000000001e-17 -1.921262e-16
3.85 -1.012555e-16 -2.07829e-16
3.9 -1.156963e-16 -2.230945e-16
3.95 -1.295864e-16 -2.379202e-16
4.0 -1.42908e-16 -2.523042e-16
4.05 -1.55684e-16 -2.662497e-16
4.1 -1.679172e-16 -2.797355e-16
4.15 -1.796157e-16 -2.92773e-16
4.2 -1.907702e-16 -3.053459e-16
4.25 -2.013897e-16 -3.174662e-16
4.3 -2.114864e-16 -3.291318e-16
4.35 -2.210702e-16 -3.40353e-16
4.4 -2.301556e-16 -3.511278e-16
4.45 -2.387538e-16 -3.614651e-16
4.5 -2.468894e-16 -3.713528e-16
4.55 -2.54559e-16 -3.80809e-16
4.6 -2.617756e-16 -3.89834e-16
4.65 -2.685729e-16 -3.984397e-16
4.7 -2.749566e-16 -4.066268e-16
4.75 -2.809472e-16 -4.144012e-16
4.8 -2.865469e-16 -4.217795e-16
4.85 -2.917961e-16 -4.287661e-16
4.9 -2.966952e-16 -4.353732e-16
4.95 -3.012613e-16 -4.416134e-16
5.0 -3.055148e-16 -4.47489e-16
5.05 -3.094996e-16 -4.530094e-16
5.1 -3.13235e-16 -4.581816e-16
5.15 -3.167211e-16 -4.630073e-16
5.2 -3.199868e-16 -4.675219e-16
5.25 -3.230553e-16 -4.71718e-16
5.3 -3.259424e-16 -4.756101e-16
5.35 -3.28651e-16 -4.792037e-16
5.4 -3.312063e-16 -4.825133e-16
5.45 -3.336229e-16 -4.85544e-16
5.5 -3.359366e-16 -4.882932e-16
5.55 -3.381521e-16 -4.907903e-16
5.6 -3.402813e-16 -4.930257e-16
5.65 -3.423398e-16 -4.950212e-16
5.7 -3.443285e-16 -4.967891e-16
5.75 -3.46264e-16 -4.983182e-16
5.8 -3.481517e-16 -4.996184e-16
5.85 -3.500207e-16 -5.007027e-16
5.9 -3.518699e-16 -5.015698e-16
5.95 -3.537033e-16 -5.022252e-16
6.0 -3.555312e-16 -5.026819e-16
6.05 -3.573561e-16 -5.029219e-16
6.1 -3.591812e-16 -5.029676e-16
6.15 -3.610199e-16 -5.028107e-16
6.2 -3.628407e-16 -5.02468e-16
6.25 -3.646757e-16 -5.019351e-16
6.3 -3.665066e-16 -5.012175e-16
6.35 -3.683267e-16 -5.003161e-16
6.4 -3.701541e-16 -4.992116e-16
6.45 -3.719744e-16 -4.979301e-16
6.5 -3.737671e-16 -4.964557e-16
6.55 -3.755513e-16 -4.947993e-16
6.6 -3.772997e-16 -4.929486e-16
6.65 -3.790156e-16 -4.909158e-16
6.7 -3.806751e-16 -4.886973e-16
6.75 -3.82296e-16 -4.862942e-16
6.8 -3.838541e-16 -4.837028e-16
6.85 -3.853335e-16 -4.809307e-16
6.9 -3.867417e-16 -4.7797e-16
6.95 -3.880449e-16 -4.748147e-16
7.0 -3.892425e-16 -4.71474e-16
7.05 -3.903411e-16 -4.67944e-16
7.1 -3.913096e-16 -4.6423e-16
7.15 -3.92141e-16 -4.603262e-16
7.2 -3.928286e-16 -4.562336e-16
7.25 -3.93347e-16 -4.519587e-16
7.3 -3.936936e-16 -4.474951e-16
7.35 -3.938597e-16 -4.428498e-16
7.4 -3.938418e-16 -4.380237e-16
7.45 -3.936187e-16 -4.330277e-16
7.5 -3.931942e-16 -4.278456e-16
7.55 -3.92564e-16 -4.225085e-16
7.6 -3.916828e-16 -4.170027e-16
7.65 -3.905733e-16 -4.11346e-16
7.7 -3.892316e-16 -4.055363e-16
7.75 -3.876259e-16 -3.995728e-16
7.8 -3.857754e-16 -3.934711e-16
7.85 -3.836733e-16 -3.872263e-16
7.9 -3.812968e-16 -3.808562e-16
7.95 -3.786619e-16 -3.743739e-16
8.0 -3.757554e-16 -3.677643e-16
8.05 -3.725761e-16 -3.610464e-16
8.1 -3.691265e-16 -3.542262e-16
8.15 -3.654131e-16 -3.47325e-16
8.2 -3.614323e-16 -3.40337e-16
8.25 -3.571808e-16 -3.332747e-16
8.3 -3.526527e-16 -3.2614e-16
8.35 -3.478637e-16 -3.189468e-16
8.4 -3.428038e-16 -3.116994e-16
8.45 -3.374762e-16 -3.044166e-16
8.5 -3.319131e-16 -2.971009e-16
8.55 -3.260769e-16 -2.897589e-16
8.6 -3.199966e-16 -2.823986e-16
8.65 -3.136937e-16 -2.750355e-16
8.7 -3.071609e-16 -2.676725e-16
8.75 -3.003952e-16 -2.603131e-16
8.8 -2.934253e-16 -2.529667e-16
8.85 -2.862485e-16 -2.456358e-16
8.9 -2.78861e-16 -2.383365e-16
8.95 -2.712913e-16 -2.310801e-16
9.0 -2.635371e-16 -2.238581e-16
9.05 -2.556241e-16 -2.166714e-16
9.1 -2.475324e-16 -2.095343e-16
9.15 -2.392892e-16 -2.0245e-16
9.2 -2.309059e-16 -1.954235e-16
9.25 -2.22391e-16 -1.884457e-16
9.3 -2.137512e-16 -1.815198e-16
9.35 -2.050149e-16 -1.74651e-16
9.4 -1.961796e-16 -1.6784e-16
9.45 -1.87262e-16 -1.610842e-16
9.5 -1.782632e-16 -1.543887e-16
9.55 -1.692077e-16 -1.477416e-16
9.6 -1.600973e-16 -1.411612e-16
9.65 -1.509575e-16 -1.346296e-16
9.7 -1.417894e-16 -1.281499e-16
9.75 -1.325945e-16 -1.217219e-16
9.8 -1.234001e-16 -1.153415e-16
9.85 -1.142061e-16 -1.090092e-16
9.9 -1.05036e-16 -1.027147e-16
9.95 -9.589699e-17 -9.644568000000001e-17
10.0 -8.679537000000001e-17 -9.021796000000001e-17
