 0.100000E-01  0.2585999E+19
 0.200000E-01  0.2476140E+19
 0.300000E-01  0.2150194E+19
 0.400000E-01  0.1661636E+19
 0.500000E-01  0.1085661E+19
 0.600000E-01  0.5021956E+18
 0.700000E-01 -0.2024788E+17
 0.800000E-01 -0.4355872E+18
 0.900000E-01 -0.7242133E+18
 0.100000E+00 -0.8905487E+18
 0.110000E+00 -0.9557202E+18
 0.120000E+00 -0.9481349E+18
 0.130000E+00 -0.8949210E+18
 0.140000E+00 -0.8164572E+18
 0.150000E+00 -0.7246531E+18
 0.160000E+00 -0.6245678E+18
 0.170000E+00 -0.5176506E+18
 0.180000E+00 -0.4048448E+18
 0.190000E+00 -0.2883709E+18
 0.200000E+00 -0.1725077E+18
 0.210000E+00 -0.6320365E+17
 0.220000E+00  0.3282093E+17
 0.230000E+00  0.1095296E+18
 0.240000E+00  0.1629105E+18
 0.250000E+00  0.1919504E+18
 0.260000E+00  0.1986303E+18
 0.270000E+00  0.1873225E+18
 0.280000E+00  0.1637090E+18
 0.290000E+00  0.1334284E+18
 0.300000E+00  0.1009375E+18
 0.310000E+00  0.6894580E+17
 0.320000E+00  0.3848892E+17
 0.330000E+00  0.9547385E+16
 0.340000E+00 -0.1786787E+17
 0.350000E+00 -0.4281944E+17
 0.360000E+00 -0.6364460E+17
 0.370000E+00 -0.7880053E+17
 0.380000E+00 -0.8776591E+17
 0.390000E+00 -0.9122131E+17
 0.400000E+00 -0.9024359E+17
 0.410000E+00 -0.8553298E+17
 0.420000E+00 -0.7733468E+17
 0.430000E+00 -0.6592144E+17
 0.440000E+00 -0.5196223E+17
 0.450000E+00 -0.3638123E+17
 0.460000E+00 -0.1986593E+17
 0.470000E+00 -0.2460211E+16
 0.480000E+00  0.1613637E+17
 0.490000E+00  0.3567264E+17
 0.500000E+00  0.5466908E+17
 0.510000E+00  0.7050183E+17
 0.520000E+00  0.8032680E+17
 0.530000E+00  0.8215617E+17
 0.540000E+00  0.7563958E+17
 0.550000E+00  0.6223640E+17
 0.560000E+00  0.4468076E+17
 0.570000E+00  0.2630713E+17
 0.580000E+00  0.1020239E+17
 0.590000E+00 -0.1535248E+16
 0.600000E+00 -0.8300091E+16
 0.610000E+00 -0.1100787E+17
 0.620000E+00 -0.1163315E+17
 0.630000E+00 -0.1240932E+17
 0.640000E+00 -0.1484163E+17
 0.650000E+00 -0.1911623E+17
 0.660000E+00 -0.2405489E+17
 0.670000E+00 -0.2766836E+17
 0.680000E+00 -0.2810883E+17
 0.690000E+00 -0.2460060E+17
 0.700000E+00 -0.1769343E+17
 0.710000E+00 -0.8837925E+16
 0.720000E+00  0.1902223E+15
 0.730000E+00  0.7975248E+16
 0.740000E+00  0.1370289E+17
 0.750000E+00  0.1713414E+17
 0.760000E+00  0.1838899E+17
 0.770000E+00  0.1758095E+17
 0.780000E+00  0.1473428E+17
 0.790000E+00  0.9866265E+16
 0.800000E+00  0.3501128E+16
 0.810000E+00 -0.3181240E+16
 0.820000E+00 -0.8703454E+16
 0.830000E+00 -0.1212939E+17
 0.840000E+00 -0.1354459E+17
 0.850000E+00 -0.1382346E+17
 0.860000E+00 -0.1399535E+17
 0.870000E+00 -0.1473884E+17
 0.880000E+00 -0.1635837E+17
 0.890000E+00 -0.1875163E+17
 0.900000E+00 -0.2145427E+17
 0.910000E+00 -0.2380440E+17
 0.920000E+00 -0.2504740E+17
 0.930000E+00 -0.2459900E+17
 0.940000E+00 -0.2218856E+17
 0.950000E+00 -0.1811814E+17
 0.960000E+00 -0.1315196E+17
 0.970000E+00 -0.8036571E+16
 0.980000E+00 -0.3020307E+16
 0.990000E+00  0.2208580E+16
 0.100000E+01  0.7884371E+16
 0.101000E+01  0.1351760E+17
 0.102000E+01  0.1782533E+17
 0.103000E+01  0.1922196E+17
 0.104000E+01  0.1676136E+17
 0.105000E+01  0.1071835E+17
 0.106000E+01  0.2790086E+16
 0.107000E+01 -0.4295465E+16
 0.108000E+01 -0.7749968E+16
 0.109000E+01 -0.5714277E+16
 0.110000E+01  0.1939257E+16
 0.111000E+01  0.1340196E+17
 0.112000E+01  0.2540669E+17
 0.113000E+01  0.3415119E+17
 0.114000E+01  0.3660686E+17
 0.115000E+01  0.3155559E+17
 0.116000E+01  0.2013785E+17
 0.117000E+01  0.5336278E+16
 0.118000E+01 -0.9028276E+16
 0.119000E+01 -0.1965685E+17
 0.120000E+01 -0.2473483E+17
 0.121000E+01 -0.2419635E+17
 0.122000E+01 -0.1937033E+17
 0.123000E+01 -0.1231943E+17
 0.124000E+01 -0.5163492E+16
 0.125000E+01  0.3705201E+15
 0.126000E+01  0.3097620E+16
 0.127000E+01  0.2568214E+16
 0.128000E+01 -0.6787350E+15
 0.129000E+01 -0.5184695E+16
 0.130000E+01 -0.9068441E+16
 0.131000E+01 -0.1073374E+17
 0.132000E+01 -0.9219287E+16
 0.133000E+01 -0.4483381E+16
 0.134000E+01  0.2450955E+16
 0.135000E+01  0.9689693E+16
 0.136000E+01  0.1508806E+17
 0.137000E+01  0.1723774E+17
 0.138000E+01  0.1609578E+17
 0.139000E+01  0.1290449E+17
 0.140000E+01  0.9475418E+16
 0.141000E+01  0.7391712E+16
 0.142000E+01  0.7621700E+16
 0.143000E+01  0.1023891E+17
 0.144000E+01  0.1455230E+17
 0.145000E+01  0.1935778E+17
 0.146000E+01  0.2338963E+17
 0.147000E+01  0.2581078E+17
 0.148000E+01  0.2626803E+17
 0.149000E+01  0.2473701E+17
 0.150000E+01  0.2116726E+17
 0.151000E+01  0.1533698E+17
 0.152000E+01  0.6876787E+16
 0.153000E+01 -0.4364694E+16
 0.154000E+01 -0.1772676E+17
 0.155000E+01 -0.3126337E+17
 0.156000E+01 -0.4210148E+17
 0.157000E+01 -0.4749449E+17
 0.158000E+01 -0.4601531E+17
 0.159000E+01 -0.3824785E+17
 0.160000E+01 -0.2664106E+17
 0.161000E+01 -0.1446064E+17
 0.162000E+01 -0.4501618E+16
 0.163000E+01  0.1758455E+16
 0.164000E+01  0.4223757E+16
 0.165000E+01  0.3601995E+16
 0.166000E+01  0.8405281E+15
 0.167000E+01 -0.3102889E+16
 0.168000E+01 -0.7141562E+16
 0.169000E+01 -0.1009293E+17
 0.170000E+01 -0.1119624E+17
 0.171000E+01 -0.1070884E+17
 0.172000E+01 -0.9809248E+16
 0.173000E+01 -0.9942263E+16
 0.174000E+01 -0.1195295E+17
 0.175000E+01 -0.1568030E+17
 0.176000E+01 -0.2002654E+17
 0.177000E+01 -0.2335118E+17
 0.178000E+01 -0.2406064E+17
 0.179000E+01 -0.2130839E+17
 0.180000E+01 -0.1535219E+17
 0.181000E+01 -0.7468114E+16
 0.182000E+01  0.5213184E+15
 0.183000E+01  0.6812793E+16
 0.184000E+01  0.1017185E+17
 0.185000E+01  0.1030319E+17
 0.186000E+01  0.7740462E+16
 0.187000E+01  0.3494629E+16
 0.188000E+01 -0.1223490E+16
 0.189000E+01 -0.5119739E+16
 0.190000E+01 -0.7014282E+16
 0.191000E+01 -0.6169069E+16
 0.192000E+01 -0.2347300E+16
 0.193000E+01  0.4250283E+16
 0.194000E+01  0.1316230E+17
 0.195000E+01  0.2341978E+17
 0.196000E+01  0.3334410E+17
 0.197000E+01  0.4068546E+17
 0.198000E+01  0.4344394E+17
 0.199000E+01  0.4088289E+17
 0.200000E+01  0.3385637E+17
 0.201000E+01  0.2425877E+17
 0.202000E+01  0.1404715E+17
 0.203000E+01  0.4686065E+16
 0.204000E+01 -0.2865040E+16
 0.205000E+01 -0.7780421E+16
 0.206000E+01 -0.9399602E+16
 0.207000E+01 -0.7536825E+16
 0.208000E+01 -0.2889245E+16
 0.209000E+01  0.2895445E+16
 0.210000E+01  0.7666003E+16
 0.211000E+01  0.9567958E+16
 0.212000E+01  0.7834269E+16
 0.213000E+01  0.3067694E+16
 0.214000E+01 -0.3095231E+16
 0.215000E+01 -0.8656633E+16
 0.216000E+01 -0.1206545E+17
 0.217000E+01 -0.1254402E+17
 0.218000E+01 -0.1013084E+17
 0.219000E+01 -0.5361662E+16
 0.220000E+01  0.1153971E+16
 0.221000E+01  0.8751704E+16
 0.222000E+01  0.1663103E+17
 0.223000E+01  0.2370205E+17
 0.224000E+01  0.2847336E+17
 0.225000E+01  0.2930376E+17
 0.226000E+01  0.2500184E+17
 0.227000E+01  0.1526842E+17
 0.228000E+01  0.8994516E+15
 0.229000E+01 -0.1635079E+17
 0.230000E+01 -0.3393756E+17
 0.231000E+01 -0.4880835E+17
 0.232000E+01 -0.5805316E+17
 0.233000E+01 -0.5983022E+17
 0.234000E+01 -0.5423105E+17
 0.235000E+01 -0.4329649E+17
 0.236000E+01 -0.3010317E+17
 0.237000E+01 -0.1725448E+17
 0.238000E+01 -0.5789725E+16
 0.239000E+01  0.4837547E+16
 0.240000E+01  0.1569800E+17
 0.241000E+01  0.2688838E+17
 0.242000E+01  0.3687985E+17
 0.243000E+01  0.4304216E+17
 0.244000E+01  0.4306542E+17
 0.245000E+01  0.3644301E+17
 0.246000E+01  0.2490944E+17
 0.247000E+01  0.1156759E+17
 0.248000E+01 -0.6075778E+15
 0.249000E+01 -0.9930059E+16
 0.250000E+01 -0.1629701E+17
 0.251000E+01 -0.2064382E+17
 0.252000E+01 -0.2408523E+17
 0.253000E+01 -0.2733519E+17
 0.254000E+01 -0.3056841E+17
 0.255000E+01 -0.3321588E+17
 0.256000E+01 -0.3398475E+17
 0.257000E+01 -0.3129475E+17
 0.258000E+01 -0.2410958E+17
 0.259000E+01 -0.1264682E+17
 0.260000E+01  0.1324195E+16
 0.261000E+01  0.1492897E+17
 0.262000E+01  0.2499904E+17
 0.263000E+01  0.2902492E+17
 0.264000E+01  0.2607106E+17
 0.265000E+01  0.1717060E+17
 0.266000E+01  0.4983262E+16
 0.267000E+01 -0.7253043E+16
 0.268000E+01 -0.1688964E+17
 0.269000E+01 -0.2244652E+17
 0.270000E+01 -0.2360129E+17
 0.271000E+01 -0.2093607E+17
 0.272000E+01 -0.1563964E+17
 0.273000E+01 -0.9434088E+16
 0.274000E+01 -0.4361522E+16
 0.275000E+01 -0.2173852E+16
 0.276000E+01 -0.3639881E+16
 0.277000E+01 -0.8173552E+16
 0.278000E+01 -0.1390349E+17
 0.279000E+01 -0.1844049E+17
 0.280000E+01 -0.2010025E+17
 0.281000E+01 -0.1870362E+17
 0.282000E+01 -0.1555032E+17
 0.283000E+01 -0.1224499E+17
 0.284000E+01 -0.9610802E+16
 0.285000E+01 -0.7385528E+16
 0.286000E+01 -0.4868402E+16
 0.287000E+01 -0.1613121E+16
 0.288000E+01  0.2249152E+16
 0.289000E+01  0.6297780E+16
 0.290000E+01  0.1009388E+17
 0.291000E+01  0.1340441E+17
 0.292000E+01  0.1621723E+17
 0.293000E+01  0.1845224E+17
 0.294000E+01  0.1980713E+17
 0.295000E+01  0.1979386E+17
 0.296000E+01  0.1811211E+17
 0.297000E+01  0.1499769E+17
 0.298000E+01  0.1121044E+17
 0.299000E+01  0.7584450E+16
 0.300000E+01  0.4451232E+16
 0.301000E+01  0.1449047E+16
 0.302000E+01 -0.2085508E+16
 0.303000E+01 -0.6383599E+16
 0.304000E+01 -0.1085692E+17
 0.305000E+01 -0.1411785E+17
 0.306000E+01 -0.1448754E+17
 0.307000E+01 -0.1062641E+17
 0.308000E+01 -0.2151179E+16
 0.309000E+01  0.1004421E+17
 0.310000E+01  0.2378585E+17
 0.311000E+01  0.3610370E+17
 0.312000E+01  0.4414249E+17
 0.313000E+01  0.4606895E+17
 0.314000E+01  0.4172854E+17
 0.315000E+01  0.3251351E+17
 0.316000E+01  0.2050558E+17
 0.317000E+01  0.7701362E+16
 0.318000E+01 -0.4403095E+16
 0.319000E+01 -0.1488997E+17
 0.320000E+01 -0.2307951E+17
 0.321000E+01 -0.2840165E+17
 0.322000E+01 -0.3049991E+17
 0.323000E+01 -0.2944595E+17
 0.324000E+01 -0.2576491E+17
 0.325000E+01 -0.2032264E+17
 0.326000E+01 -0.1420350E+17
 0.327000E+01 -0.8541964E+16
 0.328000E+01 -0.4394020E+16
 0.329000E+01 -0.2432010E+16
 0.330000E+01 -0.2787548E+16
 0.331000E+01 -0.4899862E+16
 0.332000E+01 -0.7714231E+16
 0.333000E+01 -0.1015516E+17
 0.334000E+01 -0.1146985E+17
 0.335000E+01 -0.1130386E+17
 0.336000E+01 -0.9531634E+16
 0.337000E+01 -0.6093799E+16
 0.338000E+01 -0.9884109E+15
 0.339000E+01  0.5293402E+16
 0.340000E+01  0.1129846E+17
 0.341000E+01  0.1487420E+17
 0.342000E+01  0.1398105E+17
 0.343000E+01  0.7759707E+16
 0.344000E+01 -0.2924586E+16
 0.345000E+01 -0.1582582E+17
 0.346000E+01 -0.2824076E+17
 0.347000E+01 -0.3790616E+17
 0.348000E+01 -0.4364464E+17
 0.349000E+01 -0.4541282E+17
 0.350000E+01 -0.4394657E+17
 0.351000E+01 -0.4028133E+17
 0.352000E+01 -0.3551225E+17
 0.353000E+01 -0.3069804E+17
 0.354000E+01 -0.2655750E+17
 0.355000E+01 -0.2311572E+17
 0.356000E+01 -0.1973833E+17
 0.357000E+01 -0.1548860E+17
 0.358000E+01 -0.9776792E+16
 0.359000E+01 -0.2639109E+16
 0.360000E+01  0.5497958E+16
 0.361000E+01  0.1404547E+17
 0.362000E+01  0.2227730E+17
 0.363000E+01  0.2936254E+17
 0.364000E+01  0.3450594E+17
 0.365000E+01  0.3711790E+17
 0.366000E+01  0.3704288E+17
 0.367000E+01  0.3465054E+17
 0.368000E+01  0.3081042E+17
 0.369000E+01  0.2648431E+17
 0.370000E+01  0.2230469E+17
 0.371000E+01  0.1835214E+17
 0.372000E+01  0.1419688E+17
 0.373000E+01  0.9230236E+16
 0.374000E+01  0.2824295E+16
 0.375000E+01 -0.5483702E+16
 0.376000E+01 -0.1582242E+17
 0.377000E+01 -0.2751584E+17
 0.378000E+01 -0.3883509E+17
 0.379000E+01 -0.4746059E+17
 0.380000E+01 -0.5131226E+17
 0.381000E+01 -0.4945636E+17
 0.382000E+01 -0.4227378E+17
 0.383000E+01 -0.3123408E+17
 0.384000E+01 -0.1815462E+17
 0.385000E+01 -0.4711424E+16
 0.386000E+01  0.7802104E+16
 0.387000E+01  0.1836971E+17
 0.388000E+01  0.2622360E+17
 0.389000E+01  0.3087083E+17
 0.390000E+01  0.3222240E+17
 0.391000E+01  0.3061711E+17
 0.392000E+01  0.2663019E+17
 0.393000E+01  0.2078312E+17
 0.394000E+01  0.1337689E+17
 0.395000E+01  0.4674922E+16
 0.396000E+01 -0.4768941E+16
 0.397000E+01 -0.1399597E+17
 0.398000E+01 -0.2190920E+17
 0.399000E+01 -0.2744075E+17
 0.400000E+01 -0.2946454E+17
 0.401000E+01 -0.2708079E+17
 0.402000E+01 -0.1994126E+17
 0.403000E+01 -0.8943466E+16
 0.404000E+01  0.3725393E+16
 0.405000E+01  0.1486932E+17
 0.406000E+01  0.2125308E+17
 0.407000E+01  0.2082253E+17
 0.408000E+01  0.1356225E+17
 0.409000E+01  0.1618728E+16
 0.410000E+01 -0.1164201E+17
 0.411000E+01 -0.2290438E+17
 0.412000E+01 -0.3006200E+17
 0.413000E+01 -0.3250022E+17
 0.414000E+01 -0.3075496E+17
 0.415000E+01 -0.2578930E+17
 0.416000E+01 -0.1865942E+17
 0.417000E+01 -0.1064236E+17
 0.418000E+01 -0.3280733E+16
 0.419000E+01  0.1910808E+16
 0.420000E+01  0.4043349E+16
 0.421000E+01  0.3314115E+16
 0.422000E+01  0.9844358E+15
 0.423000E+01 -0.1147742E+16
 0.424000E+01 -0.1680142E+16
 0.425000E+01 -0.3680615E+15
 0.426000E+01  0.2176685E+16
 0.427000E+01  0.5185159E+16
 0.428000E+01  0.8192086E+16
 0.429000E+01  0.1100782E+17
 0.430000E+01  0.1341237E+17
 0.431000E+01  0.1513681E+17
 0.432000E+01  0.1575821E+17
 0.433000E+01  0.1485324E+17
 0.434000E+01  0.1202094E+17
 0.435000E+01  0.7068862E+16
 0.436000E+01  0.3230662E+15
 0.437000E+01 -0.7228126E+16
 0.438000E+01 -0.1383263E+17
 0.439000E+01 -0.1734050E+17
 0.440000E+01 -0.1598281E+17
 0.441000E+01 -0.9280792E+16
 0.442000E+01  0.1489469E+16
 0.443000E+01  0.1368530E+17
 0.444000E+01  0.2437213E+17
 0.445000E+01  0.3138814E+17
 0.446000E+01  0.3371003E+17
 0.447000E+01  0.3115804E+17
 0.448000E+01  0.2397768E+17
 0.449000E+01  0.1273740E+17
 0.450000E+01 -0.1185971E+16
 0.451000E+01 -0.1521714E+17
 0.452000E+01 -0.2603602E+17
 0.453000E+01 -0.3070665E+17
 0.454000E+01 -0.2810726E+17
 0.455000E+01 -0.1943462E+17
 0.456000E+01 -0.7807906E+16
 0.457000E+01  0.2807701E+16
 0.458000E+01  0.9025731E+16
 0.459000E+01  0.9125980E+16
 0.460000E+01  0.3453309E+16
 0.461000E+01 -0.5965491E+16
 0.462000E+01 -0.1651293E+17
 0.463000E+01 -0.2608305E+17
 0.464000E+01 -0.3341812E+17
 0.465000E+01 -0.3776239E+17
 0.466000E+01 -0.3854829E+17
 0.467000E+01 -0.3552605E+17
 0.468000E+01 -0.2925396E+17
 0.469000E+01 -0.2112172E+17
 0.470000E+01 -0.1287942E+17
 0.471000E+01 -0.5818657E+16
 0.472000E+01 -0.3217338E+15
 0.473000E+01  0.4014842E+16
 0.474000E+01  0.7806935E+16
 0.475000E+01  0.1134439E+17
 0.476000E+01  0.1429859E+17
 0.477000E+01  0.1581053E+17
 0.478000E+01  0.1511697E+17
 0.479000E+01  0.1209215E+17
 0.480000E+01  0.7416104E+16
 0.481000E+01  0.2205659E+16
 0.482000E+01 -0.2541147E+16
 0.483000E+01 -0.6282335E+16
 0.484000E+01 -0.8802324E+16
 0.485000E+01 -0.9882327E+16
 0.486000E+01 -0.9216671E+16
 0.487000E+01 -0.6791362E+16
 0.488000E+01 -0.3233472E+16
 0.489000E+01  0.3824691E+15
 0.490000E+01  0.3065248E+16
 0.491000E+01  0.4351982E+16
 0.492000E+01  0.4283943E+16
 0.493000E+01  0.3099330E+16
 0.494000E+01  0.9759405E+15
 0.495000E+01 -0.1797303E+16
 0.496000E+01 -0.4683495E+16
 0.497000E+01 -0.6840679E+16
 0.498000E+01 -0.7400895E+16
 0.499000E+01 -0.5844688E+16
 0.500000E+01 -0.2199980E+16
 0.501000E+01  0.2947135E+16
 0.502000E+01  0.8681761E+16
 0.503000E+01  0.1396371E+17
 0.504000E+01  0.1792183E+17
 0.505000E+01  0.2011664E+17
 0.506000E+01  0.2071527E+17
 0.507000E+01  0.2035229E+17
 0.508000E+01  0.1973993E+17
 0.509000E+01  0.1913341E+17
 0.510000E+01  0.1812966E+17
 0.511000E+01  0.1593459E+17
 0.512000E+01  0.1175014E+17
 0.513000E+01  0.5291978E+16
 0.514000E+01 -0.2837535E+16
 0.515000E+01 -0.1105054E+17
 0.516000E+01 -0.1728634E+17
 0.517000E+01 -0.1989284E+17
 0.518000E+01 -0.1841399E+17
 0.519000E+01 -0.1389030E+17
 0.520000E+01 -0.8300841E+16
 0.521000E+01 -0.3566510E+16
 0.522000E+01 -0.7886886E+15
 0.523000E+01 -0.9695674E+14
 0.524000E+01 -0.9252658E+15
 0.525000E+01 -0.2264174E+16
 0.526000E+01 -0.2912264E+16
 0.527000E+01 -0.1917264E+16
 0.528000E+01  0.8592283E+15
 0.529000E+01  0.4354952E+16
 0.530000E+01  0.6826362E+16
 0.531000E+01  0.6925772E+16
 0.532000E+01  0.4446100E+16
 0.533000E+01  0.3382606E+15
 0.534000E+01 -0.3869977E+16
 0.535000E+01 -0.6704883E+16
 0.536000E+01 -0.7240462E+16
 0.537000E+01 -0.5189644E+16
 0.538000E+01 -0.9618109E+15
 0.539000E+01  0.4522142E+16
 0.540000E+01  0.1020770E+17
 0.541000E+01  0.1536272E+17
 0.542000E+01  0.1969385E+17
 0.543000E+01  0.2298636E+17
 0.544000E+01  0.2474908E+17
 0.545000E+01  0.2419516E+17
 0.546000E+01  0.2064624E+17
 0.547000E+01  0.1410618E+17
 0.548000E+01  0.5658348E+16
 0.549000E+01 -0.2741409E+16
 0.550000E+01 -0.8948679E+16
 0.551000E+01 -0.1156075E+17
 0.552000E+01 -0.1046675E+17
 0.553000E+01 -0.6653029E+16
 0.554000E+01 -0.1681112E+16
 0.555000E+01  0.2817129E+16
 0.556000E+01  0.5507531E+16
 0.557000E+01  0.5616628E+16
 0.558000E+01  0.3101485E+16
 0.559000E+01 -0.1322954E+16
 0.560000E+01 -0.6329842E+16
 0.561000E+01 -0.1023464E+17
 0.562000E+01 -0.1140781E+17
 0.563000E+01 -0.8945661E+16
 0.564000E+01 -0.3147438E+16
 0.565000E+01  0.4535281E+16
 0.566000E+01  0.1203279E+17
 0.567000E+01  0.1742561E+17
 0.568000E+01  0.1957951E+17
 0.569000E+01  0.1827903E+17
 0.570000E+01  0.1407122E+17
 0.571000E+01  0.7754613E+16
 0.572000E+01  0.8329534E+14
 0.573000E+01 -0.8176540E+16
 0.574000E+01 -0.1605498E+17
 0.575000E+01 -0.2229923E+17
 0.576000E+01 -0.2571908E+17
 0.577000E+01 -0.2551176E+17
 0.578000E+01 -0.2151933E+17
 0.579000E+01 -0.1429283E+17
 0.580000E+01 -0.4846681E+16
 0.581000E+01  0.5684860E+16
 0.582000E+01  0.1621994E+17
 0.583000E+01  0.2588213E+17
 0.584000E+01  0.3369550E+17
 0.585000E+01  0.3848730E+17
 0.586000E+01  0.3911563E+17
 0.587000E+01  0.3514018E+17
 0.588000E+01  0.2727724E+17
 0.589000E+01  0.1739871E+17
 0.590000E+01  0.7796132E+16
 0.591000E+01  0.1971084E+15
 0.592000E+01 -0.4938423E+16
 0.593000E+01 -0.8150962E+16
 0.594000E+01 -0.1004340E+17
 0.595000E+01 -0.1061330E+17
 0.596000E+01 -0.9405557E+16
 0.597000E+01 -0.6355087E+16
 0.598000E+01 -0.2263894E+16
 0.599000E+01  0.1565352E+16
 0.600000E+01  0.4173943E+16
 0.601000E+01  0.5464304E+16
 0.602000E+01  0.6028401E+16
 0.603000E+01  0.6509696E+16
 0.604000E+01  0.7265568E+16
 0.605000E+01  0.8328768E+16
 0.606000E+01  0.9391249E+16
 0.607000E+01  0.9744234E+16
 0.608000E+01  0.8427203E+16
 0.609000E+01  0.4571690E+16
 0.610000E+01 -0.2094304E+16
 0.611000E+01 -0.1104613E+17
 0.612000E+01 -0.2115639E+17
 0.613000E+01 -0.3085400E+17
 0.614000E+01 -0.3841893E+17
 0.615000E+01 -0.4211445E+17
 0.616000E+01 -0.4072028E+17
 0.617000E+01 -0.3391766E+17
 0.618000E+01 -0.2245077E+17
 0.619000E+01 -0.8104009E+16
 0.620000E+01  0.6704004E+16
 0.621000E+01  0.1947945E+17
 0.622000E+01  0.2813101E+17
 0.623000E+01  0.3143555E+17
 0.624000E+01  0.2934328E+17
 0.625000E+01  0.2285335E+17
 0.626000E+01  0.1358079E+17
 0.627000E+01  0.3364050E+16
 0.628000E+01 -0.5972429E+16
 0.629000E+01 -0.1264833E+17
 0.630000E+01 -0.1529049E+17
 0.631000E+01 -0.1362091E+17
 0.632000E+01 -0.8773446E+16
 0.633000E+01 -0.2977950E+16
 0.634000E+01  0.1594658E+16
 0.635000E+01  0.3874948E+16
 0.636000E+01  0.4319096E+16
 0.637000E+01  0.4217839E+16
 0.638000E+01  0.4647671E+16
 0.639000E+01  0.6025241E+16
 0.640000E+01  0.8141947E+16
 0.641000E+01  0.1061590E+17
 0.642000E+01  0.1316243E+17
 0.643000E+01  0.1546306E+17
 0.644000E+01  0.1706547E+17
 0.645000E+01  0.1754012E+17
 0.646000E+01  0.1666354E+17
 0.647000E+01  0.1441937E+17
 0.648000E+01  0.1070832E+17
 0.649000E+01  0.5278378E+16
 0.650000E+01 -0.2059239E+16
 0.651000E+01 -0.1107560E+17
 0.652000E+01 -0.2080399E+17
 0.653000E+01 -0.2973335E+17
 0.654000E+01 -0.3628507E+17
 0.655000E+01 -0.3924975E+17
 0.656000E+01 -0.3810529E+17
 0.657000E+01 -0.3299843E+17
 0.658000E+01 -0.2468514E+17
 0.659000E+01 -0.1441598E+17
 0.660000E+01 -0.3754010E+16
 0.661000E+01  0.5988071E+16
 0.662000E+01  0.1419378E+17
 0.663000E+01  0.2091280E+17
 0.664000E+01  0.2622765E+17
 0.665000E+01  0.2982189E+17
 0.666000E+01  0.3106070E+17
 0.667000E+01  0.2954499E+17
 0.668000E+01  0.2545721E+17
 0.669000E+01  0.1949881E+17
 0.670000E+01  0.1266683E+17
 0.671000E+01  0.6067557E+16
 0.672000E+01  0.6706823E+15
 0.673000E+01 -0.2856155E+16
 0.674000E+01 -0.4199546E+16
 0.675000E+01 -0.3421090E+16
 0.676000E+01 -0.8102233E+15
 0.677000E+01  0.3121991E+16
 0.678000E+01  0.7388739E+16
 0.679000E+01  0.1073876E+17
 0.680000E+01  0.1219328E+17
 0.681000E+01  0.1190739E+17
 0.682000E+01  0.1120540E+17
 0.683000E+01  0.1182637E+17
 0.684000E+01  0.1465097E+17
 0.685000E+01  0.1904679E+17
 0.686000E+01  0.2325464E+17
 0.687000E+01  0.2528346E+17
 0.688000E+01  0.2412396E+17
 0.689000E+01  0.2033809E+17
 0.690000E+01  0.1550061E+17
 0.691000E+01  0.1109475E+17
 0.692000E+01  0.7582085E+16
 0.693000E+01  0.4362685E+16
 0.694000E+01  0.6252622E+15
 0.695000E+01 -0.3623740E+16
 0.696000E+01 -0.7215896E+16
 0.697000E+01 -0.8396325E+16
 0.698000E+01 -0.5991273E+16
 0.699000E+01 -0.2804940E+15
 0.700000E+01  0.7031171E+16
 0.701000E+01  0.1365641E+17
 0.702000E+01  0.1767005E+17
 0.703000E+01  0.1804706E+17
 0.704000E+01  0.1476139E+17
 0.705000E+01  0.8503319E+16
 0.706000E+01  0.4634815E+15
 0.707000E+01 -0.7914586E+16
 0.708000E+01 -0.1524129E+17
 0.709000E+01 -0.2032800E+17
 0.710000E+01 -0.2254311E+17
 0.711000E+01 -0.2185991E+17
 0.712000E+01 -0.1873405E+17
 0.713000E+01 -0.1383821E+17
 0.714000E+01 -0.7859462E+16
 0.715000E+01 -0.1443866E+16
 0.716000E+01  0.4738845E+16
 0.717000E+01  0.9993050E+16
 0.718000E+01  0.1371594E+17
 0.719000E+01  0.1551367E+17
 0.720000E+01  0.1545428E+17
 0.721000E+01  0.1419659E+17
 0.722000E+01  0.1285235E+17
 0.723000E+01  0.1259247E+17
 0.724000E+01  0.1400826E+17
 0.725000E+01  0.1664870E+17
 0.726000E+01  0.1908641E+17
 0.727000E+01  0.1968561E+17
 0.728000E+01  0.1739649E+17
 0.729000E+01  0.1239464E+17
 0.730000E+01  0.6016044E+16
 0.731000E+01  0.1294691E+15
 0.732000E+01 -0.3634095E+16
 0.733000E+01 -0.4488446E+16
 0.734000E+01 -0.2676244E+16
 0.735000E+01  0.6348498E+15
 0.736000E+01  0.3869305E+16
 0.737000E+01  0.5547229E+16
 0.738000E+01  0.4665716E+16
 0.739000E+01  0.7789601E+15
 0.740000E+01 -0.5859364E+16
 0.741000E+01 -0.1418639E+17
 0.742000E+01 -0.2245768E+17
 0.743000E+01 -0.2875977E+17
 0.744000E+01 -0.3180014E+17
 0.745000E+01 -0.3153463E+17
 0.746000E+01 -0.2894827E+17
 0.747000E+01 -0.2520034E+17
 0.748000E+01 -0.2082856E+17
 0.749000E+01 -0.1572557E+17
 0.750000E+01 -0.9791684E+16
 0.751000E+01 -0.3641742E+16
 0.752000E+01  0.1448734E+16
 0.753000E+01  0.4349976E+16
 0.754000E+01  0.4869396E+16
 0.755000E+01  0.3857580E+16
 0.756000E+01  0.2486562E+16
 0.757000E+01  0.1610722E+16
 0.758000E+01  0.1442378E+16
 0.759000E+01  0.1590027E+16
 0.760000E+01  0.1313986E+16
 0.761000E+01  0.7715572E+14
 0.762000E+01 -0.1997451E+16
 0.763000E+01 -0.4035741E+16
 0.764000E+01 -0.4648967E+16
 0.765000E+01 -0.2445366E+16
 0.766000E+01  0.3271897E+16
 0.767000E+01  0.1179512E+17
 0.768000E+01  0.2094962E+17
 0.769000E+01  0.2798909E+17
 0.770000E+01  0.3082281E+17
 0.771000E+01  0.2900774E+17
 0.772000E+01  0.2370716E+17
 0.773000E+01  0.1694237E+17
 0.774000E+01  0.1069213E+17
 0.775000E+01  0.6052269E+16
 0.776000E+01  0.3096639E+16
 0.777000E+01  0.1300926E+16
 0.778000E+01  0.1405931E+15
 0.779000E+01 -0.5745495E+15
 0.780000E+01 -0.7697001E+15
 0.781000E+01 -0.6477042E+15
 0.782000E+01 -0.7871799E+15
 0.783000E+01 -0.1903230E+16
 0.784000E+01 -0.4431227E+16
 0.785000E+01 -0.8145010E+16
 0.786000E+01 -0.1213423E+17
 0.787000E+01 -0.1521199E+17
 0.788000E+01 -0.1640454E+17
 0.789000E+01 -0.1548729E+17
 0.790000E+01 -0.1308116E+17
 0.791000E+01 -0.1023911E+17
 0.792000E+01 -0.7740474E+16
 0.793000E+01 -0.5657136E+16
 0.794000E+01 -0.3475931E+16
 0.795000E+01 -0.7281673E+15
 0.796000E+01  0.2493353E+16
 0.797000E+01  0.5661592E+16
 0.798000E+01  0.8204651E+16
 0.799000E+01  0.9860772E+16
 0.800000E+01  0.1065903E+17
 0.801000E+01  0.1073006E+17
 0.802000E+01  0.1015859E+17
 0.803000E+01  0.8942087E+16
 0.804000E+01  0.6907857E+16
 0.805000E+01  0.3885192E+16
 0.806000E+01 -0.8522913E+14
 0.807000E+01 -0.4464730E+16
 0.808000E+01 -0.8210588E+16
 0.809000E+01 -0.1012125E+17
 0.810000E+01 -0.9358122E+16
 0.811000E+01 -0.5769828E+16
 0.812000E+01 -0.1428065E+15
 0.813000E+01  0.5953510E+16
 0.814000E+01  0.1073081E+17
 0.815000E+01  0.1296323E+17
 0.816000E+01  0.1254817E+17
 0.817000E+01  0.1060369E+17
 0.818000E+01  0.8901491E+16
 0.819000E+01  0.9074324E+16
 0.820000E+01  0.1185287E+17
 0.821000E+01  0.1663634E+17
 0.822000E+01  0.2176200E+17
 0.823000E+01  0.2510655E+17
 0.824000E+01  0.2499901E+17
 0.825000E+01  0.2086773E+17
 0.826000E+01  0.1332196E+17
 0.827000E+01  0.3883072E+16
 0.828000E+01 -0.5545772E+16
 0.829000E+01 -0.1334674E+17
 0.830000E+01 -0.1835581E+17
 0.831000E+01 -0.2005018E+17
 0.832000E+01 -0.1868047E+17
 0.833000E+01 -0.1533906E+17
 0.834000E+01 -0.1170275E+17
 0.835000E+01 -0.9220304E+16
 0.836000E+01 -0.8420814E+16
 0.837000E+01 -0.8782278E+16
 0.838000E+01 -0.9334461E+16
 0.839000E+01 -0.9358151E+16
 0.840000E+01 -0.8701897E+16
 0.841000E+01 -0.7635933E+16
 0.842000E+01 -0.6562314E+16
 0.843000E+01 -0.5764241E+16
 0.844000E+01 -0.5233426E+16
 0.845000E+01 -0.4754047E+16
 0.846000E+01 -0.4103739E+16
 0.847000E+01 -0.3197181E+16
 0.848000E+01 -0.2066710E+16
 0.849000E+01 -0.7099310E+15
 0.850000E+01  0.8224895E+15
 0.851000E+01  0.2358602E+16
 0.852000E+01  0.3505020E+16
 0.853000E+01  0.3872481E+16
 0.854000E+01  0.3472254E+16
 0.855000E+01  0.2626210E+16
 0.856000E+01  0.1735425E+16
 0.857000E+01  0.1059339E+16
 0.858000E+01  0.8279079E+15
 0.859000E+01  0.1342286E+16
 0.860000E+01  0.2802999E+16
 0.861000E+01  0.5059251E+16
 0.862000E+01  0.7519672E+16
 0.863000E+01  0.9134942E+16
 0.864000E+01  0.8839366E+16
 0.865000E+01  0.6066759E+16
 0.866000E+01  0.1182351E+16
 0.867000E+01 -0.4541024E+16
 0.868000E+01 -0.9357177E+16
 0.869000E+01 -0.1180051E+17
 0.870000E+01 -0.1138610E+17
 0.871000E+01 -0.8746407E+16
 0.872000E+01 -0.5147322E+16
 0.873000E+01 -0.1995658E+16
 0.874000E+01 -0.3818278E+15
 0.875000E+01 -0.6828385E+15
 0.876000E+01 -0.2340365E+16
 0.877000E+01 -0.4034795E+16
 0.878000E+01 -0.4282600E+16
 0.879000E+01 -0.2188565E+16
 0.880000E+01  0.1936519E+16
 0.881000E+01  0.6701448E+16
 0.882000E+01  0.1032936E+17
 0.883000E+01  0.1164075E+17
 0.884000E+01  0.1050913E+17
 0.885000E+01  0.7618973E+16
 0.886000E+01  0.3905286E+16
 0.887000E+01  0.4843648E+15
 0.888000E+01 -0.1321322E+16
 0.889000E+01 -0.2471859E+15
 0.890000E+01  0.4224646E+16
 0.891000E+01  0.1119822E+17
 0.892000E+01  0.1862639E+17
 0.893000E+01  0.2432890E+17
 0.894000E+01  0.2713950E+17
 0.895000E+01  0.2724643E+17
 0.896000E+01  0.2567048E+17
 0.897000E+01  0.2355614E+17
 0.898000E+01  0.2152281E+17
 0.899000E+01  0.1955787E+17
 0.900000E+01  0.1708099E+17
 0.901000E+01  0.1349644E+17
 0.902000E+01  0.8774765E+16
 0.903000E+01  0.3531290E+16
 0.904000E+01 -0.1217800E+16
 0.905000E+01 -0.4452329E+16
 0.906000E+01 -0.5412459E+16
 0.907000E+01 -0.3998373E+16
 0.908000E+01 -0.9766239E+15
 0.909000E+01  0.2194340E+16
 0.910000E+01  0.3846553E+16
 0.911000E+01  0.2672079E+16
 0.912000E+01 -0.1809274E+16
 0.913000E+01 -0.8951238E+16
 0.914000E+01 -0.1687471E+17
 0.915000E+01 -0.2284053E+17
 0.916000E+01 -0.2408163E+17
 0.917000E+01 -0.1895284E+17
 0.918000E+01 -0.7802649E+16
 0.919000E+01  0.6824822E+16
 0.920000E+01  0.2098373E+17
 0.921000E+01  0.3075069E+17
 0.922000E+01  0.3364657E+17
 0.923000E+01  0.2951138E+17
 0.924000E+01  0.2030695E+17
 0.925000E+01  0.9188256E+16
 0.926000E+01 -0.9043538E+15
 0.927000E+01 -0.8171180E+16
 0.928000E+01 -0.1229222E+17
 0.929000E+01 -0.1416166E+17
 0.930000E+01 -0.1528157E+17
 0.931000E+01 -0.1701937E+17
 0.932000E+01 -0.2008590E+17
 0.933000E+01 -0.2421574E+17
 0.934000E+01 -0.2828251E+17
 0.935000E+01 -0.3068471E+17
 0.936000E+01 -0.3009194E+17
 0.937000E+01 -0.2596443E+17
 0.938000E+01 -0.1883453E+17
 0.939000E+01 -0.1002020E+17
 0.940000E+01 -0.9710319E+15
 0.941000E+01  0.7233045E+16
 0.942000E+01  0.1402073E+17
 0.943000E+01  0.1904392E+17
 0.944000E+01  0.2211594E+17
 0.945000E+01  0.2308432E+17
 0.946000E+01  0.2187141E+17
 0.947000E+01  0.1854044E+17
 0.948000E+01  0.1342132E+17
 0.949000E+01  0.6941291E+16
 0.950000E+01 -0.5447840E+15
 0.951000E+01 -0.8777400E+16
 0.952000E+01 -0.1744870E+17
 0.953000E+01 -0.2600237E+17
 0.954000E+01 -0.3341391E+17
 0.955000E+01 -0.3838471E+17
 0.956000E+01 -0.3963402E+17
 0.957000E+01 -0.3629958E+17
 0.958000E+01 -0.2856668E+17
 0.959000E+01 -0.1783374E+17
 0.960000E+01 -0.6291622E+16
 0.961000E+01  0.4044213E+16
 0.962000E+01  0.1215390E+17
 0.963000E+01  0.1798652E+17
 0.964000E+01  0.2189857E+17
 0.965000E+01  0.2415363E+17
 0.966000E+01  0.2485636E+17
 0.967000E+01  0.2401336E+17
 0.968000E+01  0.2173322E+17
 0.969000E+01  0.1826363E+17
 0.970000E+01  0.1381086E+17
 0.971000E+01  0.8622517E+16
 0.972000E+01  0.3182234E+16
 0.973000E+01 -0.1761498E+16
 0.974000E+01 -0.5553460E+16
 0.975000E+01 -0.7812979E+16
 0.976000E+01 -0.8471317E+16
 0.977000E+01 -0.7541606E+16
 0.978000E+01 -0.5175191E+16
 0.979000E+01 -0.1751787E+16
 0.980000E+01  0.2065913E+16
 0.981000E+01  0.5548889E+16
 0.982000E+01  0.8225558E+16
 0.983000E+01  0.1008137E+17
 0.984000E+01  0.1148282E+17
 0.985000E+01  0.1293162E+17
 0.986000E+01  0.1469881E+17
 0.987000E+01  0.1651112E+17
 0.988000E+01  0.1729207E+17
 0.989000E+01  0.1545611E+17
 0.990000E+01  0.9697319E+16
 0.991000E+01  0.2206278E+15
 0.992000E+01 -0.1089598E+17
 0.993000E+01 -0.2042205E+17
 0.994000E+01 -0.2551632E+17
 0.995000E+01 -0.2530607E+17
 0.996000E+01 -0.2118634E+17
 0.997000E+01 -0.1589738E+17
 0.998000E+01 -0.1203650E+17
 0.999000E+01 -0.1083072E+17
 0.100000E+02 -0.1201068E+17
