 0.100000E-01  0.7325770E+19
 0.200000E-01  0.7011495E+19
 0.300000E-01  0.6059593E+19
 0.400000E-01  0.4638056E+19
 0.500000E-01  0.2979031E+19
 0.600000E-01  0.1322224E+19
 0.700000E-01 -0.1337013E+18
 0.800000E-01 -0.1261398E+19
 0.900000E-01 -0.2012893E+19
 0.100000E+00 -0.2409486E+19
 0.110000E+00 -0.2518983E+19
 0.120000E+00 -0.2428877E+19
 0.130000E+00 -0.2222900E+19
 0.140000E+00 -0.1965488E+19
 0.150000E+00 -0.1695834E+19
 0.160000E+00 -0.1430430E+19
 0.170000E+00 -0.1170277E+19
 0.180000E+00 -0.9090872E+18
 0.190000E+00 -0.6417097E+18
 0.200000E+00 -0.3696373E+18
 0.210000E+00 -0.1035684E+18
 0.220000E+00  0.1387434E+18
 0.230000E+00  0.3373491E+18
 0.240000E+00  0.4760116E+18
 0.250000E+00  0.5465560E+18
 0.260000E+00  0.5512309E+18
 0.270000E+00  0.5017832E+18
 0.280000E+00  0.4159147E+18
 0.290000E+00  0.3125726E+18
 0.300000E+00  0.2070953E+18
 0.310000E+00  0.1094027E+18
 0.320000E+00  0.2433063E+17
 0.330000E+00 -0.4559612E+17
 0.340000E+00 -0.9813979E+17
 0.350000E+00 -0.1309347E+18
 0.360000E+00 -0.1427225E+18
 0.370000E+00 -0.1345265E+18
 0.380000E+00 -0.1104859E+18
 0.390000E+00 -0.7686347E+17
 0.400000E+00 -0.4059930E+17
 0.410000E+00 -0.8110627E+16
 0.420000E+00  0.1490962E+17
 0.430000E+00  0.2415183E+17
 0.440000E+00  0.1829944E+17
 0.450000E+00  0.1101442E+16
 0.460000E+00 -0.1902240E+17
 0.470000E+00 -0.3230919E+17
 0.480000E+00 -0.3169312E+17
 0.490000E+00 -0.1501371E+17
 0.500000E+00  0.1444923E+17
 0.510000E+00  0.4858120E+17
 0.520000E+00  0.7642480E+17
 0.530000E+00  0.8844115E+17
 0.540000E+00  0.8012296E+17
 0.550000E+00  0.5287349E+17
 0.560000E+00  0.1200972E+17
 0.570000E+00 -0.3558014E+17
 0.580000E+00 -0.8219207E+17
 0.590000E+00 -0.1192433E+18
 0.600000E+00 -0.1385864E+18
 0.610000E+00 -0.1358612E+18
 0.620000E+00 -0.1134064E+18
 0.630000E+00 -0.7982607E+17
 0.640000E+00 -0.4598302E+17
 0.650000E+00 -0.2008556E+17
 0.660000E+00 -0.4451375E+16
 0.670000E+00  0.4164109E+16
 0.680000E+00  0.1147948E+17
 0.690000E+00  0.2221486E+17
 0.700000E+00  0.3806751E+17
 0.710000E+00  0.5766308E+17
 0.720000E+00  0.7752730E+17
 0.730000E+00  0.9334711E+17
 0.740000E+00  0.1015377E+18
 0.750000E+00  0.9994770E+17
 0.760000E+00  0.8847338E+17
 0.770000E+00  0.6908320E+17
 0.780000E+00  0.4549099E+17
 0.790000E+00  0.2193920E+17
 0.800000E+00  0.1454619E+16
 0.810000E+00 -0.1531783E+17
 0.820000E+00 -0.2965559E+17
 0.830000E+00 -0.4326090E+17
 0.840000E+00 -0.5684953E+17
 0.850000E+00 -0.6952558E+17
 0.860000E+00 -0.7962125E+17
 0.870000E+00 -0.8579956E+17
 0.880000E+00 -0.8721351E+17
 0.890000E+00 -0.8314406E+17
 0.900000E+00 -0.7304655E+17
 0.910000E+00 -0.5711244E+17
 0.920000E+00 -0.3686878E+17
 0.930000E+00 -0.1457513E+17
 0.940000E+00  0.7421998E+16
 0.950000E+00  0.2707416E+17
 0.960000E+00  0.4238155E+17
 0.970000E+00  0.5132588E+17
 0.980000E+00  0.5252442E+17
 0.990000E+00  0.4573754E+17
 0.100000E+01  0.3252882E+17
 0.101000E+01  0.1623796E+17
 0.102000E+01  0.8284332E+15
 0.103000E+01 -0.1069761E+17
 0.104000E+01 -0.1822066E+17
 0.105000E+01 -0.2397241E+17
 0.106000E+01 -0.2991138E+17
 0.107000E+01 -0.3547262E+17
 0.108000E+01 -0.3762447E+17
 0.109000E+01 -0.3326596E+17
 0.110000E+01 -0.2206211E+17
 0.111000E+01 -0.7710912E+16
 0.112000E+01  0.3488907E+16
 0.113000E+01  0.5995445E+16
 0.114000E+01 -0.2208366E+16
 0.115000E+01 -0.1848739E+17
 0.116000E+01 -0.3599582E+17
 0.117000E+01 -0.4651598E+17
 0.118000E+01 -0.4446680E+17
 0.119000E+01 -0.2977654E+17
 0.120000E+01 -0.7347846E+16
 0.121000E+01  0.1620176E+17
 0.122000E+01  0.3616083E+17
 0.123000E+01  0.5073422E+17
 0.124000E+01  0.5969190E+17
 0.125000E+01  0.6272375E+17
 0.126000E+01  0.5881979E+17
 0.127000E+01  0.4738733E+17
 0.128000E+01  0.2930050E+17
 0.129000E+01  0.6802668E+16
 0.130000E+01 -0.1730094E+17
 0.131000E+01 -0.4096134E+17
 0.132000E+01 -0.6318516E+17
 0.133000E+01 -0.8353458E+17
 0.134000E+01 -0.1015184E+18
 0.135000E+01 -0.1160822E+18
 0.136000E+01 -0.1252561E+18
 0.137000E+01 -0.1264362E+18
 0.138000E+01 -0.1167647E+18
 0.139000E+01 -0.9421572E+17
 0.140000E+01 -0.5932887E+17
 0.141000E+01 -0.1654999E+17
 0.142000E+01  0.2680991E+17
 0.143000E+01  0.6347623E+17
 0.144000E+01  0.8946054E+17
 0.145000E+01  0.1053386E+18
 0.146000E+01  0.1141010E+18
 0.147000E+01  0.1185055E+18
 0.148000E+01  0.1194496E+18
 0.149000E+01  0.1159491E+18
 0.150000E+01  0.1068682E+18
 0.151000E+01  0.9189262E+17
 0.152000E+01  0.7205790E+17
 0.153000E+01  0.4949634E+17
 0.154000E+01  0.2740344E+17
 0.155000E+01  0.9663159E+16
 0.156000E+01 -0.2699977E+15
 0.157000E+01 -0.1603178E+16
 0.158000E+01  0.3233680E+16
 0.159000E+01  0.9502090E+16
 0.160000E+01  0.1279901E+17
 0.161000E+01  0.1108667E+17
 0.162000E+01  0.5129157E+16
 0.163000E+01 -0.2439221E+16
 0.164000E+01 -0.9219899E+16
 0.165000E+01 -0.1482875E+17
 0.166000E+01 -0.2136648E+17
 0.167000E+01 -0.3173196E+17
 0.168000E+01 -0.4689155E+17
 0.169000E+01 -0.6410002E+17
 0.170000E+01 -0.7773327E+17
 0.171000E+01 -0.8231754E+17
 0.172000E+01 -0.7544046E+17
 0.173000E+01 -0.5873598E+17
 0.174000E+01 -0.3637654E+17
 0.175000E+01 -0.1321530E+17
 0.176000E+01  0.6535852E+16
 0.177000E+01  0.2010101E+17
 0.178000E+01  0.2628269E+17
 0.179000E+01  0.2617417E+17
 0.180000E+01  0.2323560E+17
 0.181000E+01  0.2263170E+17
 0.182000E+01  0.2821728E+17
 0.183000E+01  0.3969884E+17
 0.184000E+01  0.5209459E+17
 0.185000E+01  0.5810742E+17
 0.186000E+01  0.5178331E+17
 0.187000E+01  0.3156704E+17
 0.188000E+01  0.1387562E+16
 0.189000E+01 -0.3052623E+17
 0.190000E+01 -0.5482567E+17
 0.191000E+01 -0.6503235E+17
 0.192000E+01 -0.6036220E+17
 0.193000E+01 -0.4554696E+17
 0.194000E+01 -0.2783495E+17
 0.195000E+01 -0.1359680E+17
 0.196000E+01 -0.5936323E+16
 0.197000E+01 -0.4558878E+16
 0.198000E+01 -0.6844551E+16
 0.199000E+01 -0.9597821E+16
 0.200000E+01 -0.1050710E+17
 0.201000E+01 -0.8544423E+16
 0.202000E+01 -0.3677004E+16
 0.203000E+01  0.3277747E+16
 0.204000E+01  0.1097455E+17
 0.205000E+01  0.1792117E+17
 0.206000E+01  0.2290073E+17
 0.207000E+01  0.2488887E+17
 0.208000E+01  0.2355805E+17
 0.209000E+01  0.1918430E+17
 0.210000E+01  0.1220468E+17
 0.211000E+01  0.2949275E+16
 0.212000E+01 -0.8634613E+16
 0.213000E+01 -0.2201029E+17
 0.214000E+01 -0.3543304E+17
 0.215000E+01 -0.4620478E+17
 0.216000E+01 -0.5202753E+17
 0.217000E+01 -0.5230705E+17
 0.218000E+01 -0.4887128E+17
 0.219000E+01 -0.4524226E+17
 0.220000E+01 -0.4461020E+17
 0.221000E+01 -0.4706197E+17
 0.222000E+01 -0.4926021E+17
 0.223000E+01 -0.4661165E+17
 0.224000E+01 -0.3665793E+17
 0.225000E+01 -0.2096341E+17
 0.226000E+01 -0.4122308E+16
 0.227000E+01  0.1002121E+17
 0.228000E+01  0.2064183E+17
 0.229000E+01  0.3002509E+17
 0.230000E+01  0.4131244E+17
 0.231000E+01  0.5580252E+17
 0.232000E+01  0.7148404E+17
 0.233000E+01  0.8352491E+17
 0.234000E+01  0.8656217E+17
 0.235000E+01  0.7704346E+17
 0.236000E+01  0.5514643E+17
 0.237000E+01  0.2546790E+17
 0.238000E+01 -0.4011311E+16
 0.239000E+01 -0.2456174E+17
 0.240000E+01 -0.3037946E+17
 0.241000E+01 -0.2112980E+17
 0.242000E+01 -0.1587279E+16
 0.243000E+01  0.2063002E+17
 0.244000E+01  0.3867522E+17
 0.245000E+01  0.4915327E+17
 0.246000E+01  0.5260829E+17
 0.247000E+01  0.5175908E+17
 0.248000E+01  0.4925912E+17
 0.249000E+01  0.4602220E+17
 0.250000E+01  0.4147074E+17
 0.251000E+01  0.3413632E+17
 0.252000E+01  0.2268643E+17
 0.253000E+01  0.6668974E+16
 0.254000E+01 -0.1251931E+17
 0.255000E+01 -0.3184406E+17
 0.256000E+01 -0.4765533E+17
 0.257000E+01 -0.5717428E+17
 0.258000E+01 -0.5918740E+17
 0.259000E+01 -0.5393852E+17
 0.260000E+01 -0.4226315E+17
 0.261000E+01 -0.2562511E+17
 0.262000E+01 -0.5966151E+16
 0.263000E+01  0.1419571E+17
 0.264000E+01  0.3219421E+17
 0.265000E+01  0.4564773E+17
 0.266000E+01  0.5349378E+17
 0.267000E+01  0.5609774E+17
 0.268000E+01  0.5442441E+17
 0.269000E+01  0.4942674E+17
 0.270000E+01  0.4171741E+17
 0.271000E+01  0.3198744E+17
 0.272000E+01  0.2138488E+17
 0.273000E+01  0.1081757E+17
 0.274000E+01  0.1000341E+16
 0.275000E+01 -0.7986928E+16
 0.276000E+01 -0.1579407E+17
 0.277000E+01 -0.2090613E+17
 0.278000E+01 -0.1983710E+17
 0.279000E+01 -0.8935111E+16
 0.280000E+01  0.1204261E+17
 0.281000E+01  0.3812150E+17
 0.282000E+01  0.6122654E+17
 0.283000E+01  0.7423758E+17
 0.284000E+01  0.7430552E+17
 0.285000E+01  0.6340547E+17
 0.286000E+01  0.4658992E+17
 0.287000E+01  0.2918594E+17
 0.288000E+01  0.1487608E+17
 0.289000E+01  0.4623937E+16
 0.290000E+01 -0.2296967E+16
 0.291000E+01 -0.6894150E+16
 0.292000E+01 -0.9185424E+16
 0.293000E+01 -0.8706089E+16
 0.294000E+01 -0.5580246E+16
 0.295000E+01 -0.6122380E+15
 0.296000E+01  0.5223773E+16
 0.297000E+01  0.1124881E+17
 0.298000E+01  0.1688348E+17
 0.299000E+01  0.2078302E+17
 0.300000E+01  0.2120354E+17
 0.301000E+01  0.1638972E+17
 0.302000E+01  0.6477103E+16
 0.303000E+01 -0.6596336E+16
 0.304000E+01 -0.1963968E+17
 0.305000E+01 -0.2957357E+17
 0.306000E+01 -0.3406462E+17
 0.307000E+01 -0.3203657E+17
 0.308000E+01 -0.2454109E+17
 0.309000E+01 -0.1517360E+17
 0.310000E+01 -0.8467105E+16
 0.311000E+01 -0.7444472E+16
 0.312000E+01 -0.1220447E+17
 0.313000E+01 -0.2123435E+17
 0.314000E+01 -0.3319129E+17
 0.315000E+01 -0.4739157E+17
 0.316000E+01 -0.6285114E+17
 0.317000E+01 -0.7720297E+17
 0.318000E+01 -0.8649038E+17
 0.319000E+01 -0.8609903E+17
 0.320000E+01 -0.7252742E+17
 0.321000E+01 -0.4581123E+17
 0.322000E+01 -0.1073465E+17
 0.323000E+01  0.2387327E+17
 0.324000E+01  0.4869959E+17
 0.325000E+01  0.5725735E+17
 0.326000E+01  0.4801688E+17
 0.327000E+01  0.2434843E+17
 0.328000E+01 -0.7060915E+16
 0.329000E+01 -0.3817322E+17
 0.330000E+01 -0.6187682E+17
 0.331000E+01 -0.7454650E+17
 0.332000E+01 -0.7684395E+17
 0.333000E+01 -0.7267643E+17
 0.334000E+01 -0.6662954E+17
 0.335000E+01 -0.6111491E+17
 0.336000E+01 -0.5569485E+17
 0.337000E+01 -0.4813154E+17
 0.338000E+01 -0.3637347E+17
 0.339000E+01 -0.2036125E+17
 0.340000E+01 -0.3172414E+16
 0.341000E+01  0.9786866E+16
 0.342000E+01  0.1315093E+17
 0.343000E+01  0.4073925E+16
 0.344000E+01 -0.1576716E+17
 0.345000E+01 -0.4070975E+17
 0.346000E+01 -0.6355808E+17
 0.347000E+01 -0.7836041E+17
 0.348000E+01 -0.8184641E+17
 0.349000E+01 -0.7396380E+17
 0.350000E+01 -0.5828600E+17
 0.351000E+01 -0.4133789E+17
 0.352000E+01 -0.3000791E+17
 0.353000E+01 -0.2756943E+17
 0.354000E+01 -0.3157152E+17
 0.355000E+01 -0.3518743E+17
 0.356000E+01 -0.3153015E+17
 0.357000E+01 -0.1771927E+17
 0.358000E+01  0.3719661E+16
 0.359000E+01  0.2675615E+17
 0.360000E+01  0.4513745E+17
 0.361000E+01  0.5480236E+17
 0.362000E+01  0.5510466E+17
 0.363000E+01  0.4848260E+17
 0.364000E+01  0.3902089E+17
 0.365000E+01  0.3107373E+17
 0.366000E+01  0.2815298E+17
 0.367000E+01  0.3163418E+17
 0.368000E+01  0.3988311E+17
 0.369000E+01  0.4892350E+17
 0.370000E+01  0.5444383E+17
 0.371000E+01  0.5410258E+17
 0.372000E+01  0.4874830E+17
 0.373000E+01  0.4131601E+17
 0.374000E+01  0.3469909E+17
 0.375000E+01  0.3026541E+17
 0.376000E+01  0.2730955E+17
 0.377000E+01  0.2387814E+17
 0.378000E+01  0.1788326E+17
 0.379000E+01  0.8434652E+16
 0.380000E+01 -0.3795829E+16
 0.381000E+01 -0.1627957E+17
 0.382000E+01 -0.2517835E+17
 0.383000E+01 -0.2667504E+17
 0.384000E+01 -0.1866472E+17
 0.385000E+01 -0.2007172E+16
 0.386000E+01  0.1905178E+17
 0.387000E+01  0.3859965E+17
 0.388000E+01  0.5137112E+17
 0.389000E+01  0.5511205E+17
 0.390000E+01  0.5112670E+17
 0.391000E+01  0.4303956E+17
 0.392000E+01  0.3424504E+17
 0.393000E+01  0.2634753E+17
 0.394000E+01  0.1833842E+17
 0.395000E+01  0.8071720E+16
 0.396000E+01 -0.5677578E+16
 0.397000E+01 -0.2196320E+17
 0.398000E+01 -0.3820250E+17
 0.399000E+01 -0.5258713E+17
 0.400000E+01 -0.6489880E+17
 0.401000E+01 -0.7578211E+17
 0.402000E+01 -0.8474481E+17
 0.403000E+01 -0.8933998E+17
 0.404000E+01 -0.8630395E+17
 0.405000E+01 -0.7344772E+17
 0.406000E+01 -0.5080202E+17
 0.407000E+01 -0.2097007E+17
 0.408000E+01  0.1188137E+17
 0.409000E+01  0.4366444E+17
 0.410000E+01  0.7189326E+17
 0.411000E+01  0.9621065E+17
 0.412000E+01  0.1165443E+18
 0.413000E+01  0.1304602E+18
 0.414000E+01  0.1331387E+18
 0.415000E+01  0.1204376E+18
 0.416000E+01  0.9224846E+17
 0.417000E+01  0.5324233E+17
 0.418000E+01  0.1089690E+17
 0.419000E+01 -0.2799103E+17
 0.420000E+01 -0.5912241E+17
 0.421000E+01 -0.8153532E+17
 0.422000E+01 -0.9653335E+17
 0.423000E+01 -0.1062585E+18
 0.424000E+01 -0.1120160E+18
 0.425000E+01 -0.1137299E+18
 0.426000E+01 -0.1103309E+18
 0.427000E+01 -0.1006129E+18
 0.428000E+01 -0.8408881E+17
 0.429000E+01 -0.6070904E+17
 0.430000E+01 -0.3075612E+17
 0.431000E+01  0.4491138E+16
 0.432000E+01  0.4188141E+17
 0.433000E+01  0.7623534E+17
 0.434000E+01  0.1016242E+18
 0.435000E+01  0.1133820E+18
 0.436000E+01  0.1100094E+18
 0.437000E+01  0.9343015E+17
 0.438000E+01  0.6784889E+17
 0.439000E+01  0.3861677E+17
 0.440000E+01  0.1065544E+17
 0.441000E+01 -0.1272937E+17
 0.442000E+01 -0.3024596E+17
 0.443000E+01 -0.4264076E+17
 0.444000E+01 -0.5107297E+17
 0.445000E+01 -0.5571219E+17
 0.446000E+01 -0.5553530E+17
 0.447000E+01 -0.4952648E+17
 0.448000E+01 -0.3824409E+17
 0.449000E+01 -0.2439553E+17
 0.450000E+01 -0.1169276E+17
 0.451000E+01 -0.2906653E+16
 0.452000E+01  0.1257766E+16
 0.453000E+01  0.1147665E+16
 0.454000E+01 -0.3119702E+16
 0.455000E+01 -0.1203872E+17
 0.456000E+01 -0.2486855E+17
 0.457000E+01 -0.3800913E+17
 0.458000E+01 -0.4569827E+17
 0.459000E+01 -0.4295931E+17
 0.460000E+01 -0.2788891E+17
 0.461000E+01 -0.2549115E+16
 0.462000E+01  0.2786206E+17
 0.463000E+01  0.5630895E+17
 0.464000E+01  0.7584575E+17
 0.465000E+01  0.8196946E+17
 0.466000E+01  0.7394147E+17
 0.467000E+01  0.5451295E+17
 0.468000E+01  0.2793891E+17
 0.469000E+01 -0.2151219E+16
 0.470000E+01 -0.3316112E+17
 0.471000E+01 -0.6220277E+17
 0.472000E+01 -0.8540665E+17
 0.473000E+01 -0.9835068E+17
 0.474000E+01 -0.9802745E+17
 0.475000E+01 -0.8447179E+17
 0.476000E+01 -0.6094489E+17
 0.477000E+01 -0.3344025E+17
 0.478000E+01 -0.8821603E+16
 0.479000E+01  0.7469049E+16
 0.480000E+01  0.1312286E+17
 0.481000E+01  0.9774472E+16
 0.482000E+01  0.2038150E+16
 0.483000E+01 -0.4365872E+16
 0.484000E+01 -0.4406858E+16
 0.485000E+01  0.3882374E+16
 0.486000E+01  0.1858598E+17
 0.487000E+01  0.3549356E+17
 0.488000E+01  0.5148617E+17
 0.489000E+01  0.6630619E+17
 0.490000E+01  0.8111196E+17
 0.491000E+01  0.9516130E+17
 0.492000E+01  0.1042563E+18
 0.493000E+01  0.1025879E+18
 0.494000E+01  0.8626002E+17
 0.495000E+01  0.5565861E+17
 0.496000E+01  0.1502059E+17
 0.497000E+01 -0.2945639E+17
 0.498000E+01 -0.7184651E+17
 0.499000E+01 -0.1073882E+18
 0.500000E+01 -0.1325127E+18
 0.501000E+01 -0.1447767E+18
 0.502000E+01 -0.1429576E+18
 0.503000E+01 -0.1272323E+18
 0.504000E+01 -0.9949497E+17
 0.505000E+01 -0.6310948E+17
 0.506000E+01 -0.2202422E+17
 0.507000E+01  0.2048643E+17
 0.508000E+01  0.6129090E+17
 0.509000E+01  0.9672116E+17
 0.510000E+01  0.1222088E+18
 0.511000E+01  0.1334384E+18
 0.512000E+01  0.1274791E+18
 0.513000E+01  0.1042608E+18
 0.514000E+01  0.6663442E+17
 0.515000E+01  0.2056878E+17
 0.516000E+01 -0.2645474E+17
 0.517000E+01 -0.6703448E+17
 0.518000E+01 -0.9552921E+17
 0.519000E+01 -0.1096693E+18
 0.520000E+01 -0.1105361E+18
 0.521000E+01 -0.1018087E+18
 0.522000E+01 -0.8793056E+17
 0.523000E+01 -0.7310161E+17
 0.524000E+01 -0.6033532E+17
 0.525000E+01 -0.5058799E+17
 0.526000E+01 -0.4208227E+17
 0.527000E+01 -0.3107456E+17
 0.528000E+01 -0.1408222E+17
 0.529000E+01  0.9522279E+16
 0.530000E+01  0.3710319E+17
 0.531000E+01  0.6423753E+17
 0.532000E+01  0.8718143E+17
 0.533000E+01  0.1045595E+18
 0.534000E+01  0.1173628E+18
 0.535000E+01  0.1282985E+18
 0.536000E+01  0.1399110E+18
 0.537000E+01  0.1532677E+18
 0.538000E+01  0.1666602E+18
 0.539000E+01  0.1756908E+18
 0.540000E+01  0.1746166E+18
 0.541000E+01  0.1589743E+18
 0.542000E+01  0.1281329E+18
 0.543000E+01  0.8685214E+17
 0.544000E+01  0.4332037E+17
 0.545000E+01  0.5957758E+16
 0.546000E+01 -0.2014991E+17
 0.547000E+01 -0.3474923E+17
 0.548000E+01 -0.4162258E+17
 0.549000E+01 -0.4602717E+17
 0.550000E+01 -0.5164070E+17
 0.551000E+01 -0.5914987E+17
 0.552000E+01 -0.6712910E+17
 0.553000E+01 -0.7351419E+17
 0.554000E+01 -0.7725821E+17
 0.555000E+01 -0.7859829E+17
 0.556000E+01 -0.7822894E+17
 0.557000E+01 -0.7617466E+17
 0.558000E+01 -0.7097639E+17
 0.559000E+01 -0.6036456E+17
 0.560000E+01 -0.4337416E+17
 0.561000E+01 -0.2254220E+17
 0.562000E+01 -0.3194795E+16
 0.563000E+01  0.9201752E+16
 0.564000E+01  0.1232753E+17
 0.565000E+01  0.8363604E+16
 0.566000E+01  0.2296904E+16
 0.567000E+01 -0.1098165E+16
 0.568000E+01  0.9596617E+15
 0.569000E+01  0.9137505E+16
 0.570000E+01  0.2272971E+17
 0.571000E+01  0.4025475E+17
 0.572000E+01  0.5921153E+17
 0.573000E+01  0.7572721E+17
 0.574000E+01  0.8601469E+17
 0.575000E+01  0.8767878E+17
 0.576000E+01  0.8090779E+17
 0.577000E+01  0.6792700E+17
 0.578000E+01  0.5165515E+17
 0.579000E+01  0.3498494E+17
 0.580000E+01  0.2036204E+17
 0.581000E+01  0.9468319E+16
 0.582000E+01  0.2597465E+16
 0.583000E+01 -0.1136298E+16
 0.584000E+01 -0.2141601E+16
 0.585000E+01  0.4993806E+15
 0.586000E+01  0.8439927E+16
 0.587000E+01  0.2280142E+17
 0.588000E+01  0.4282690E+17
 0.589000E+01  0.6534311E+17
 0.590000E+01  0.8579965E+17
 0.591000E+01  0.9989159E+17
 0.592000E+01  0.1041709E+18
 0.593000E+01  0.9603971E+17
 0.594000E+01  0.7395571E+17
 0.595000E+01  0.3901419E+17
 0.596000E+01 -0.3689575E+16
 0.597000E+01 -0.4539325E+17
 0.598000E+01 -0.7584724E+17
 0.599000E+01 -0.8683931E+17
 0.600000E+01 -0.7603647E+17
 0.601000E+01 -0.4762268E+17
 0.602000E+01 -0.1033824E+17
 0.603000E+01  0.2627098E+17
 0.604000E+01  0.5459812E+17
 0.605000E+01  0.7017988E+17
 0.606000E+01  0.7150684E+17
 0.607000E+01  0.6015921E+17
 0.608000E+01  0.4020856E+17
 0.609000E+01  0.1646035E+17
 0.610000E+01 -0.6773146E+16
 0.611000E+01 -0.2599097E+17
 0.612000E+01 -0.3771510E+17
 0.613000E+01 -0.3803996E+17
 0.614000E+01 -0.2356638E+17
 0.615000E+01  0.6466729E+16
 0.616000E+01  0.4878779E+17
 0.617000E+01  0.9559614E+17
 0.618000E+01  0.1363468E+18
 0.619000E+01  0.1609145E+18
 0.620000E+01  0.1626686E+18
 0.621000E+01  0.1406379E+18
 0.622000E+01  0.9998077E+17
 0.623000E+01  0.5015071E+17
 0.624000E+01  0.1212736E+16
 0.625000E+01 -0.3948460E+17
 0.626000E+01 -0.6870091E+17
 0.627000E+01 -0.8638026E+17
 0.628000E+01 -0.9449851E+17
 0.629000E+01 -0.9578519E+17
 0.630000E+01 -0.9310222E+17
 0.631000E+01 -0.8835279E+17
 0.632000E+01 -0.8175869E+17
 0.633000E+01 -0.7278629E+17
 0.634000E+01 -0.6177746E+17
 0.635000E+01 -0.5058242E+17
 0.636000E+01 -0.4150271E+17
 0.637000E+01 -0.3565454E+17
 0.638000E+01 -0.3248321E+17
 0.639000E+01 -0.3024399E+17
 0.640000E+01 -0.2701741E+17
 0.641000E+01 -0.2190892E+17
 0.642000E+01 -0.1617868E+17
 0.643000E+01 -0.1312247E+17
 0.644000E+01 -0.1640586E+17
 0.645000E+01 -0.2802721E+17
 0.646000E+01 -0.4669395E+17
 0.647000E+01 -0.6785855E+17
 0.648000E+01 -0.8577379E+17
 0.649000E+01 -0.9536944E+17
 0.650000E+01 -0.9352110E+17
 0.651000E+01 -0.7919160E+17
 0.652000E+01 -0.5376030E+17
 0.653000E+01 -0.2111680E+17
 0.654000E+01  0.1309281E+17
 0.655000E+01  0.4337386E+17
 0.656000E+01  0.6617276E+17
 0.657000E+01  0.8070866E+17
 0.658000E+01  0.8828755E+17
 0.659000E+01  0.9129823E+17
 0.660000E+01  0.9222161E+17
 0.661000E+01  0.9251664E+17
 0.662000E+01  0.9195117E+17
 0.663000E+01  0.8814900E+17
 0.664000E+01  0.7823118E+17
 0.665000E+01  0.6071458E+17
 0.666000E+01  0.3656925E+17
 0.667000E+01  0.9273426E+16
 0.668000E+01 -0.1626322E+17
 0.669000E+01 -0.3496049E+17
 0.670000E+01 -0.4309153E+17
 0.671000E+01 -0.3997853E+17
 0.672000E+01 -0.2904791E+17
 0.673000E+01 -0.1688704E+17
 0.674000E+01 -0.1040852E+17
 0.675000E+01 -0.1381356E+17
 0.676000E+01 -0.2636490E+17
 0.677000E+01 -0.4267144E+17
 0.678000E+01 -0.5562178E+17
 0.679000E+01 -0.5977080E+17
 0.680000E+01 -0.5372088E+17
 0.681000E+01 -0.3964799E+17
 0.682000E+01 -0.2194160E+17
 0.683000E+01 -0.5083457E+16
 0.684000E+01  0.7311634E+16
 0.685000E+01  0.1288593E+17
 0.686000E+01  0.1040322E+17
 0.687000E+01 -0.9139112E+14
 0.688000E+01 -0.1679293E+17
 0.689000E+01 -0.3569370E+17
 0.690000E+01 -0.5127872E+17
 0.691000E+01 -0.5823490E+17
 0.692000E+01 -0.5320747E+17
 0.693000E+01 -0.3641293E+17
 0.694000E+01 -0.1258436E+17
 0.695000E+01  0.1004922E+17
 0.696000E+01  0.2226766E+17
 0.697000E+01  0.1815168E+17
 0.698000E+01 -0.1672788E+16
 0.699000E+01 -0.2961935E+17
 0.700000E+01 -0.5465620E+17
 0.701000E+01 -0.6742926E+17
 0.702000E+01 -0.6371386E+17
 0.703000E+01 -0.4407910E+17
 0.704000E+01 -0.1219596E+17
 0.705000E+01  0.2664015E+17
 0.706000E+01  0.6608455E+17
 0.707000E+01  0.9961685E+17
 0.708000E+01  0.1219172E+18
 0.709000E+01  0.1298678E+18
 0.710000E+01  0.1237383E+18
 0.711000E+01  0.1077742E+18
 0.712000E+01  0.8884883E+17
 0.713000E+01  0.7319248E+17
 0.714000E+01  0.6333304E+17
 0.715000E+01  0.5718298E+17
 0.716000E+01  0.4999713E+17
 0.717000E+01  0.3733536E+17
 0.718000E+01  0.1751337E+17
 0.719000E+01 -0.8420360E+16
 0.720000E+01 -0.3732772E+17
 0.721000E+01 -0.6549328E+17
 0.722000E+01 -0.8930283E+17
 0.723000E+01 -0.1060021E+18
 0.724000E+01 -0.1138642E+18
 0.725000E+01 -0.1125913E+18
 0.726000E+01 -0.1033523E+18
 0.727000E+01 -0.8822607E+17
 0.728000E+01 -0.6934773E+17
 0.729000E+01 -0.4822891E+17
 0.730000E+01 -0.2533226E+17
 0.731000E+01 -0.7733216E+15
 0.732000E+01  0.2412328E+17
 0.733000E+01  0.4626352E+17
 0.734000E+01  0.6185861E+17
 0.735000E+01  0.6796790E+17
 0.736000E+01  0.6402059E+17
 0.737000E+01  0.5183136E+17
 0.738000E+01  0.3512831E+17
 0.739000E+01  0.1834962E+17
 0.740000E+01  0.5654516E+16
 0.741000E+01 -0.4363789E+13
 0.742000E+01  0.2204768E+16
 0.743000E+01  0.1089510E+17
 0.744000E+01  0.2305271E+17
 0.745000E+01  0.3538857E+17
 0.746000E+01  0.4547528E+17
 0.747000E+01  0.5164725E+17
 0.748000E+01  0.5186119E+17
 0.749000E+01  0.4365652E+17
 0.750000E+01  0.2593711E+17
 0.751000E+01  0.1661208E+16
 0.752000E+01 -0.2210287E+17
 0.753000E+01 -0.3678156E+17
 0.754000E+01 -0.3677792E+17
 0.755000E+01 -0.2331811E+17
 0.756000E+01 -0.3975781E+16
 0.757000E+01  0.1123217E+17
 0.758000E+01  0.1527748E+17
 0.759000E+01  0.6570685E+16
 0.760000E+01 -0.1189347E+17
 0.761000E+01 -0.3560078E+17
 0.762000E+01 -0.6099572E+17
 0.763000E+01 -0.8590976E+17
 0.764000E+01 -0.1086766E+18
 0.765000E+01 -0.1272416E+18
 0.766000E+01 -0.1389917E+18
 0.767000E+01 -0.1410919E+18
 0.768000E+01 -0.1309025E+18
 0.769000E+01 -0.1070331E+18
 0.770000E+01 -0.7035502E+17
 0.771000E+01 -0.2505029E+17
 0.772000E+01  0.2148768E+17
 0.773000E+01  0.6016834E+17
 0.774000E+01  0.8324920E+17
 0.775000E+01  0.8732502E+17
 0.776000E+01  0.7505841E+17
 0.777000E+01  0.5399182E+17
 0.778000E+01  0.3344385E+17
 0.779000E+01  0.2132515E+17
 0.780000E+01  0.2175769E+17
 0.781000E+01  0.3430123E+17
 0.782000E+01  0.5511567E+17
 0.783000E+01  0.7914319E+17
 0.784000E+01  0.1016709E+18
 0.785000E+01  0.1189997E+18
 0.786000E+01  0.1280308E+18
 0.787000E+01  0.1263035E+18
 0.788000E+01  0.1131628E+18
 0.789000E+01  0.9048793E+17
 0.790000E+01  0.6167950E+17
 0.791000E+01  0.3015302E+17
 0.792000E+01 -0.1831091E+16
 0.793000E+01 -0.3239995E+17
 0.794000E+01 -0.5907809E+17
 0.795000E+01 -0.7849924E+17
 0.796000E+01 -0.8775353E+17
 0.797000E+01 -0.8640455E+17
 0.798000E+01 -0.7694517E+17
 0.799000E+01 -0.6329687E+17
 0.800000E+01 -0.4920186E+17
 0.801000E+01 -0.3780737E+17
 0.802000E+01 -0.3222566E+17
 0.803000E+01 -0.3527771E+17
 0.804000E+01 -0.4757760E+17
 0.805000E+01 -0.6523636E+17
 0.806000E+01 -0.8087175E+17
 0.807000E+01 -0.8684044E+17
 0.808000E+01 -0.7895663E+17
 0.809000E+01 -0.5717232E+17
 0.810000E+01 -0.2445433E+17
 0.811000E+01  0.1432264E+17
 0.812000E+01  0.5244292E+17
 0.813000E+01  0.8173878E+17
 0.814000E+01  0.9487481E+17
 0.815000E+01  0.8861591E+17
 0.816000E+01  0.6625974E+17
 0.817000E+01  0.3616497E+17
 0.818000E+01  0.7881001E+16
 0.819000E+01 -0.1151388E+17
 0.820000E+01 -0.1866192E+17
 0.821000E+01 -0.1386372E+17
 0.822000E+01 -0.3284778E+15
 0.823000E+01  0.1682611E+17
 0.824000E+01  0.3198992E+17
 0.825000E+01  0.4065438E+17
 0.826000E+01  0.4119716E+17
 0.827000E+01  0.3463335E+17
 0.828000E+01  0.2339153E+17
 0.829000E+01  0.9708475E+16
 0.830000E+01 -0.4731747E+16
 0.831000E+01 -0.1840153E+17
 0.832000E+01 -0.2953771E+17
 0.833000E+01 -0.3700096E+17
 0.834000E+01 -0.4056930E+17
 0.835000E+01 -0.4017829E+17
 0.836000E+01 -0.3576423E+17
 0.837000E+01 -0.2707250E+17
 0.838000E+01 -0.1427442E+17
 0.839000E+01  0.1827407E+16
 0.840000E+01  0.1966141E+17
 0.841000E+01  0.3688122E+17
 0.842000E+01  0.5021338E+17
 0.843000E+01  0.5624683E+17
 0.844000E+01  0.5309460E+17
 0.845000E+01  0.4198860E+17
 0.846000E+01  0.2714372E+17
 0.847000E+01  0.1270280E+17
 0.848000E+01  0.3726026E+15
 0.849000E+01 -0.1046172E+17
 0.850000E+01 -0.2101691E+17
 0.851000E+01 -0.3150096E+17
 0.852000E+01 -0.4125068E+17
 0.853000E+01 -0.4967788E+17
 0.854000E+01 -0.5666796E+17
 0.855000E+01 -0.6253866E+17
 0.856000E+01 -0.6718035E+17
 0.857000E+01 -0.6912698E+17
 0.858000E+01 -0.6545944E+17
 0.859000E+01 -0.5336454E+17
 0.860000E+01 -0.3211337E+17
 0.861000E+01 -0.4573895E+16
 0.862000E+01  0.2293582E+17
 0.863000E+01  0.4266575E+17
 0.864000E+01  0.4866300E+17
 0.865000E+01  0.3932445E+17
 0.866000E+01  0.1844584E+17
 0.867000E+01 -0.6815093E+16
 0.868000E+01 -0.2897600E+17
 0.869000E+01 -0.4294814E+17
 0.870000E+01 -0.4733089E+17
 0.871000E+01 -0.4337096E+17
 0.872000E+01 -0.3323730E+17
 0.873000E+01 -0.1935895E+17
 0.874000E+01 -0.5421456E+16
 0.875000E+01  0.3942000E+16
 0.876000E+01  0.4592054E+16
 0.877000E+01 -0.4583072E+16
 0.878000E+01 -0.2039907E+17
 0.879000E+01 -0.3615703E+17
 0.880000E+01 -0.4492258E+17
 0.881000E+01 -0.4304333E+17
 0.882000E+01 -0.3164806E+17
 0.883000E+01 -0.1576425E+17
 0.884000E+01 -0.1576141E+16
 0.885000E+01  0.6144671E+16
 0.886000E+01  0.5746482E+16
 0.887000E+01 -0.1037438E+16
 0.888000E+01 -0.1001770E+17
 0.889000E+01 -0.1689428E+17
 0.890000E+01 -0.1935626E+17
 0.891000E+01 -0.1760463E+17
 0.892000E+01 -0.1312339E+17
 0.893000E+01 -0.6812923E+16
 0.894000E+01  0.2092045E+16
 0.895000E+01  0.1499728E+17
 0.896000E+01  0.3208074E+17
 0.897000E+01  0.5120031E+17
 0.898000E+01  0.6855408E+17
 0.899000E+01  0.7989137E+17
 0.900000E+01  0.8182038E+17
 0.901000E+01  0.7286548E+17
 0.902000E+01  0.5444443E+17
 0.903000E+01  0.3116699E+17
 0.904000E+01  0.9461699E+16
 0.905000E+01 -0.5291172E+16
 0.906000E+01 -0.1039032E+17
 0.907000E+01 -0.6571537E+16
 0.908000E+01  0.3030663E+16
 0.909000E+01  0.1425656E+17
 0.910000E+01  0.2286579E+17
 0.911000E+01  0.2534285E+17
 0.912000E+01  0.1957640E+17
 0.913000E+01  0.5602193E+16
 0.914000E+01 -0.1403358E+17
 0.915000E+01 -0.3409580E+17
 0.916000E+01 -0.4813241E+17
 0.917000E+01 -0.5077220E+17
 0.918000E+01 -0.4033523E+17
 0.919000E+01 -0.1959810E+17
 0.920000E+01  0.5352981E+16
 0.921000E+01  0.2693056E+17
 0.922000E+01  0.3870436E+17
 0.923000E+01  0.3735819E+17
 0.924000E+01  0.2363737E+17
 0.925000E+01  0.1109475E+16
 0.926000E+01 -0.2526749E+17
 0.927000E+01 -0.5039650E+17
 0.928000E+01 -0.6931002E+17
 0.929000E+01 -0.7730917E+17
 0.930000E+01 -0.7136360E+17
 0.931000E+01 -0.5157120E+17
 0.932000E+01 -0.2190646E+17
 0.933000E+01  0.1147521E+17
 0.934000E+01  0.4249710E+17
 0.935000E+01  0.6716881E+17
 0.936000E+01  0.8339150E+17
 0.937000E+01  0.8986739E+17
 0.938000E+01  0.8504195E+17
 0.939000E+01  0.6769888E+17
 0.940000E+01  0.3840845E+17
 0.941000E+01  0.1112145E+16
 0.942000E+01 -0.3695176E+17
 0.943000E+01 -0.6707467E+17
 0.944000E+01 -0.8228163E+17
 0.945000E+01 -0.7993646E+17
 0.946000E+01 -0.6323256E+17
 0.947000E+01 -0.3995932E+17
 0.948000E+01 -0.1910044E+17
 0.949000E+01 -0.7312756E+16
 0.950000E+01 -0.7001297E+16
 0.951000E+01 -0.1669312E+17
 0.952000E+01 -0.3243058E+17
 0.953000E+01 -0.4963426E+17
 0.954000E+01 -0.6421095E+17
 0.955000E+01 -0.7332980E+17
 0.956000E+01 -0.7583130E+17
 0.957000E+01 -0.7119494E+17
 0.958000E+01 -0.5957415E+17
 0.959000E+01 -0.4186607E+17
 0.960000E+01 -0.1989186E+17
 0.961000E+01  0.4279573E+16
 0.962000E+01  0.2871132E+17
 0.963000E+01  0.5137693E+17
 0.964000E+01  0.6992032E+17
 0.965000E+01  0.8233249E+17
 0.966000E+01  0.8754987E+17
 0.967000E+01  0.8546815E+17
 0.968000E+01  0.7631312E+17
 0.969000E+01  0.6040042E+17
 0.970000E+01  0.3907121E+17
 0.971000E+01  0.1494117E+17
 0.972000E+01 -0.8838030E+16
 0.973000E+01 -0.2934926E+17
 0.974000E+01 -0.4482765E+17
 0.975000E+01 -0.5459008E+17
 0.976000E+01 -0.5841678E+17
 0.977000E+01 -0.5628706E+17
 0.978000E+01 -0.4876704E+17
 0.979000E+01 -0.3728548E+17
 0.980000E+01 -0.2359375E+17
 0.981000E+01 -0.8417555E+16
 0.982000E+01  0.9202021E+16
 0.983000E+01  0.3092354E+17
 0.984000E+01  0.5655331E+17
 0.985000E+01  0.8268473E+17
 0.986000E+01  0.1034794E+18
 0.987000E+01  0.1125975E+18
 0.988000E+01  0.1059574E+18
 0.989000E+01  0.8299269E+17
 0.990000E+01  0.4657825E+17
 0.991000E+01  0.2123665E+16
 0.992000E+01 -0.4384079E+17
 0.993000E+01 -0.8469401E+17
 0.994000E+01 -0.1150518E+18
 0.995000E+01 -0.1320916E+18
 0.996000E+01 -0.1356752E+18
 0.997000E+01 -0.1280825E+18
 0.998000E+01 -0.1136547E+18
 0.999000E+01 -0.9747413E+17
 0.100000E+02 -0.8396661E+17
