   129  0.2833398E-08  0.8371972E-08  0.2593321E-08  0.4542765E-12 -0.2159910E-12  0.1761666E-12
   130  0.4946961E-08 -0.7714769E-08  0.6097767E-08 -0.4677070E-12  0.7091539E-14  0.2554482E-12
   131 -0.1992249E-08 -0.5778032E-08  0.4911538E-08 -0.7071333E-13  0.4562873E-12  0.2661868E-12
   132 -0.3681732E-08 -0.1474014E-08 -0.3385125E-08  0.2932308E-12  0.2909438E-13 -0.4440981E-12
   133  0.2300336E-08 -0.5014928E-09  0.1915540E-08  0.1026384E-12 -0.2844153E-13 -0.5222168E-12
   134 -0.2823360E-08 -0.8558176E-08  0.3445701E-08  0.4420165E-12  0.2897403E-12  0.6874544E-13
   135  0.4002527E-08 -0.8742944E-08 -0.1831099E-08 -0.1758398E-12 -0.4883143E-12 -0.1211753E-12
   136  0.9518966E-08  0.3590054E-08 -0.4420795E-08  0.5018726E-12 -0.1793791E-12  0.9339792E-15
   137 -0.3771050E-08  0.3404846E-08 -0.4916908E-09  0.8134806E-13 -0.1506322E-12 -0.5047240E-12
   138  0.1336218E-08  0.7890304E-08 -0.7441238E-08  0.1937072E-12  0.1632228E-12  0.4689240E-12
   139 -0.8627146E-10  0.6431800E-08 -0.4830956E-08  0.1767530E-12  0.3087051E-12  0.3968796E-12
   140  0.2264378E-08  0.7950030E-08  0.2585862E-08 -0.4176591E-12 -0.2202335E-12 -0.2472083E-12
   141 -0.2052569E-08 -0.8079380E-08  0.3113085E-08  0.3022606E-12  0.4368564E-12 -0.4299874E-13
   142  0.2918476E-08  0.7192243E-08 -0.4727499E-08 -0.1048394E-12 -0.3036314E-14  0.5225451E-12
   143 -0.5868566E-09 -0.2841122E-08  0.2270042E-08 -0.2412679E-12 -0.4536508E-12 -0.1415792E-12
   144  0.1903618E-08 -0.2820194E-08 -0.2392584E-08  0.2838501E-14  0.1124084E-12 -0.5209704E-12
   145  0.5166451E-08 -0.1682490E-08 -0.2426285E-08  0.2110467E-12  0.1382894E-12 -0.4694563E-12
   146  0.1537818E-08 -0.3024007E-08 -0.1943197E-08  0.2508711E-12 -0.1567875E-12  0.4433230E-12
   147 -0.7315410E-08  0.5453622E-09 -0.1510218E-08  0.4984941E-12  0.1820941E-12  0.4898211E-13
   148 -0.3514817E-08 -0.6065015E-08  0.7335329E-09  0.4392026E-12 -0.7410225E-13  0.2926839E-12
   149  0.2676854E-08 -0.2735632E-08 -0.3021742E-08  0.8617088E-13 -0.4865286E-13  0.5236997E-12
   150 -0.2228385E-08 -0.6646950E-09  0.3920869E-08  0.4902311E-12  0.6382707E-14  0.2090134E-12
   151 -0.1290229E-08  0.7853926E-09 -0.4212229E-08  0.1975921E-13 -0.1106809E-12  0.5209733E-12
   152 -0.2987348E-08  0.2312943E-10  0.1070084E-08  0.1559550E-12  0.4742399E-12  0.1866239E-12
   153  0.8612261E-09  0.6038357E-08 -0.5769895E-08  0.3969096E-12  0.1340039E-14  0.3556893E-12
   154  0.1176559E-09  0.4821919E-08  0.1969918E-08 -0.5977513E-13  0.4725178E-12 -0.2391815E-12
   155  0.2095755E-08  0.1425179E-08 -0.9799981E-08  0.2858348E-12 -0.3743076E-12 -0.2494919E-12
   156 -0.1898721E-09 -0.4062165E-08  0.3887113E-08 -0.2149837E-12 -0.3349730E-12 -0.3544418E-12
   157 -0.5697249E-08 -0.7282852E-11  0.3285737E-08  0.3743263E-12 -0.2395466E-12 -0.2941958E-12
   158  0.1895630E-08 -0.8816403E-08 -0.1870078E-08  0.5195972E-12 -0.8979090E-13 -0.7752582E-13
   159 -0.5358961E-08 -0.2377321E-08  0.5889210E-09 -0.2918476E-13  0.5281380E-13 -0.5295402E-12
   160  0.8515481E-10 -0.9250241E-08 -0.1571648E-08  0.3117619E-12 -0.2643586E-12 -0.3420131E-12
   161  0.2826389E-08  0.6564888E-08  0.1232743E-08 -0.4423709E-12  0.2511306E-12  0.1590450E-12
   162 -0.5797457E-08  0.3530188E-08 -0.2346007E-08  0.3797986E-12 -0.3440104E-12 -0.1465052E-12
   163 -0.7113017E-08  0.6248358E-08 -0.3091379E-09  0.1647307E-13 -0.4619541E-14  0.5326924E-12
   164  0.2489790E-08  0.2255556E-09 -0.2770309E-08  0.2803805E-12 -0.3173583E-12  0.3236114E-12
   165  0.1658838E-08  0.6221577E-08  0.4834197E-08 -0.5196914E-12 -0.6278996E-13  0.1001607E-12
   166  0.5450150E-09 -0.9204130E-08  0.2627208E-08  0.2347085E-12 -0.6323206E-13  0.4743074E-12
   167 -0.1045659E-08  0.9658381E-09 -0.2351042E-08  0.3887569E-13 -0.3144460E-12  0.4285631E-12
   168  0.2625488E-08 -0.2301376E-08 -0.1672717E-09 -0.4621422E-12  0.1750596E-12 -0.1995812E-12
   169 -0.2144935E-08  0.2797769E-09 -0.1432299E-08 -0.3224032E-12 -0.3193199E-12 -0.2795441E-12
   170 -0.5723092E-08  0.4767296E-09  0.1982068E-08 -0.1015366E-13  0.2269634E-13  0.5323868E-12
   171 -0.4367607E-08  0.6301957E-08 -0.4761931E-08  0.3043076E-13  0.1788953E-12  0.5011231E-12
   172  0.1435846E-08 -0.5572334E-09  0.6384410E-08  0.6778566E-13  0.1640968E-12 -0.5025249E-12
   173 -0.1040346E-07 -0.1064131E-08 -0.1002243E-08 -0.3269644E-12  0.3243392E-12  0.2682392E-12
   174 -0.1071758E-08  0.1071180E-08 -0.7252520E-08  0.6493028E-13 -0.6537902E-13 -0.5249415E-12
   175  0.1703043E-08  0.5004599E-08 -0.1235207E-08 -0.3402701E-12 -0.2399870E-12  0.3326806E-12
   176 -0.1236706E-08 -0.2043750E-08 -0.3031821E-08 -0.4555984E-13  0.1662771E-14  0.5310136E-12
   177  0.9305197E-08  0.4531806E-08 -0.7243460E-09 -0.2615266E-12  0.4163153E-12 -0.2057651E-12
   178  0.6183343E-08 -0.2263986E-08 -0.1509814E-08  0.1587277E-12 -0.3138844E-12 -0.4004198E-12
   179  0.9393022E-08 -0.5334443E-08  0.1606290E-09 -0.4430673E-12  0.8244914E-15 -0.2962172E-12
   180 -0.4701413E-09  0.4541674E-08  0.1745105E-08 -0.5903369E-13 -0.8672287E-14  0.5296166E-12
   181 -0.2872084E-08  0.8272715E-08 -0.1212434E-08 -0.9514377E-13 -0.4858894E-12  0.1972640E-12
   182 -0.3128661E-08  0.3663008E-09  0.1406645E-07 -0.4777891E-12  0.6169973E-13 -0.2279574E-12
   183  0.7466199E-08  0.1830699E-08 -0.1108226E-07 -0.5110189E-13 -0.1892039E-12 -0.4956253E-12
   184  0.3100672E-08 -0.1485094E-08  0.2829294E-08  0.9975969E-13  0.1213051E-12  0.5093005E-12
   185  0.1935267E-08 -0.3652711E-08  0.6749409E-08  0.4051894E-13 -0.1923363E-12  0.4953977E-12
   186 -0.7380339E-08 -0.4866305E-08 -0.1270793E-08  0.3334792E-12 -0.3728644E-12 -0.1838959E-12
   187  0.5401223E-08 -0.3293890E-08 -0.2572751E-08  0.2107592E-12  0.4893265E-12 -0.1393066E-13
   188  0.1859816E-08 -0.2911238E-08 -0.9399193E-08 -0.2079332E-13 -0.8032412E-14 -0.5325007E-12
   189  0.8613905E-09 -0.1354346E-08  0.4350542E-08 -0.3715758E-13  0.3002959E-12  0.4387432E-12
   190  0.2237625E-08 -0.2359517E-09  0.8544580E-09 -0.4697632E-13 -0.1159912E-13  0.5307660E-12
   191  0.2425448E-08 -0.1322696E-07  0.2722072E-08  0.6078696E-14  0.1427183E-13  0.5327413E-12
   192  0.1688935E-08 -0.3772420E-08 -0.6793803E-09 -0.4672035E-12  0.1550205E-12 -0.2043121E-12
   193 -0.8209241E-09  0.7643075E-08 -0.1064274E-08  0.9606326E-13 -0.9870745E-13  0.5148617E-12
   194 -0.1921694E-09  0.5751272E-08  0.6202773E-08 -0.3181177E-12  0.3513488E-12 -0.2437397E-12
   195  0.6513278E-08 -0.8035865E-09  0.1123083E-08 -0.3079827E-12 -0.4349616E-12 -0.2988988E-14
   196  0.5885201E-08 -0.1029847E-07  0.3080456E-09 -0.4370639E-12 -0.2363787E-12  0.1927542E-12
   197  0.7882067E-09 -0.3498185E-08 -0.1382888E-08  0.2359530E-12 -0.3472861E-12  0.3282871E-12
   198  0.2420883E-08 -0.4499053E-08 -0.3463444E-08  0.4129945E-12  0.3313620E-12  0.6073413E-13
   199 -0.2782158E-08  0.6071006E-08  0.2684861E-08 -0.1540525E-12 -0.5099493E-12 -0.1653654E-13
   200 -0.6107010E-09  0.1559083E-08  0.2801716E-08 -0.3498511E-12 -0.5427565E-13  0.3983871E-12
   201 -0.2789835E-08  0.3527113E-08 -0.9732011E-09 -0.4315574E-12 -0.6872726E-13 -0.3051044E-12
   202  0.8205179E-08  0.1286958E-08  0.4312144E-08 -0.3887646E-13  0.1270881E-12 -0.5161309E-12
   203 -0.1217551E-08 -0.6903385E-08 -0.7616797E-08  0.2863397E-12 -0.3759265E-12  0.2464604E-12
   204  0.1529029E-08 -0.9098878E-08  0.9141883E-08 -0.4095080E-12  0.2452251E-12 -0.2371112E-12
   205 -0.4416201E-08 -0.3089262E-08 -0.4056340E-08  0.1589099E-13 -0.1362035E-12  0.5150242E-12
   206 -0.2938249E-08 -0.1224498E-08  0.6710774E-08  0.2980116E-12 -0.4395847E-12 -0.4481404E-13
   207  0.1547219E-08  0.8504347E-09  0.2743209E-08 -0.2282609E-12 -0.4360892E-12  0.2043945E-12
   208  0.5022620E-08 -0.2589036E-09  0.1188836E-09 -0.4415157E-13 -0.6927119E-13  0.5265986E-12
   209  0.1741093E-08 -0.4611140E-08  0.1697303E-08  0.1041463E-14 -0.1776488E-13 -0.5326699E-12
   210 -0.3250985E-08 -0.4606895E-08  0.1235001E-08 -0.1826495E-12  0.1953997E-12  0.4609903E-12
   211  0.3365250E-08 -0.3187385E-08  0.4378099E-08  0.2196406E-12 -0.6623928E-13 -0.4810658E-12
   212  0.1279669E-08 -0.3289669E-10  0.4258851E-08 -0.8141181E-15  0.9282281E-15 -0.5329656E-12
   213 -0.3513054E-08 -0.3805660E-08 -0.5954884E-09 -0.5121300E-14  0.2936616E-12 -0.4447365E-12
   214 -0.2910849E-08  0.5097853E-08  0.5656409E-08  0.4080693E-12  0.3239963E-12 -0.1120704E-12
   215 -0.5098786E-08 -0.5814245E-08 -0.2164087E-08 -0.1827362E-12  0.4765182E-12 -0.1535961E-12
   216  0.1067916E-08 -0.2534686E-08 -0.5323477E-08 -0.2710977E-12  0.4497248E-12 -0.9114579E-13
   217 -0.8046911E-08  0.2761835E-08 -0.2156736E-08 -0.3472685E-12 -0.1058688E-12  0.3901927E-12
   218 -0.4188875E-09  0.5340326E-10 -0.2648497E-08 -0.1290317E-13 -0.3731380E-13  0.5315027E-12
   219  0.2696803E-08  0.5142816E-08  0.2471633E-08 -0.1168245E-12  0.6819032E-13 -0.5155153E-12
   220 -0.8367942E-08  0.4583912E-08  0.3383890E-08  0.3241242E-13 -0.1553677E-12 -0.5087870E-12
   221  0.3542185E-08  0.1965551E-08 -0.5043212E-08  0.1688654E-12  0.2239620E-12 -0.4531880E-12
   222 -0.1477145E-09 -0.8780491E-09  0.7747236E-08  0.4238439E-12  0.2984020E-12  0.1239617E-12
   223 -0.8284473E-08  0.1442879E-09 -0.3600056E-08  0.1897479E-13  0.6551000E-13  0.5285852E-12
   224 -0.9786074E-09  0.1540158E-08 -0.1912153E-08  0.3010622E-12  0.1667082E-12 -0.4069690E-12
   225 -0.6360077E-08 -0.4410004E-08 -0.3589746E-08 -0.3009694E-12 -0.3604512E-12 -0.2520839E-12
   226 -0.6077569E-09  0.4596833E-08  0.7453186E-08 -0.1133717E-12  0.2265341E-12  0.4689169E-12
   227  0.3235142E-08 -0.5354367E-08  0.5262490E-08  0.4121978E-14 -0.4744278E-14 -0.5329300E-12
   228  0.3266716E-09  0.2875542E-08  0.2811290E-08  0.1427347E-12  0.5928474E-13  0.5100647E-12
   229  0.5669117E-08 -0.6635985E-08 -0.4743214E-09  0.2453868E-13  0.1734484E-12  0.5033562E-12
   230  0.6532621E-08  0.2373233E-08  0.6481938E-08  0.2598243E-12  0.3113322E-13  0.4643016E-12
   231 -0.7568117E-09 -0.9695654E-09 -0.4185860E-08 -0.4389177E-12  0.2258330E-12  0.2010090E-12
   232  0.1782256E-08  0.1315943E-08 -0.1625312E-08 -0.4152743E-14  0.4180533E-14 -0.5329345E-12
   233 -0.2563270E-08 -0.7796865E-08  0.1034868E-08  0.1758129E-12 -0.4663328E-12 -0.1888849E-12
   234 -0.4557704E-09  0.2021023E-08 -0.1330039E-07  0.1744956E-12  0.2613321E-12  0.4304773E-12
   235 -0.4667217E-08  0.7662291E-09 -0.3399209E-08  0.1249153E-12  0.7053541E-13  0.5132980E-12
   236  0.5916190E-08 -0.1569510E-08 -0.3303462E-08  0.5409326E-13 -0.1916768E-12  0.4943560E-12
   237  0.1992030E-08 -0.6014377E-09  0.1982846E-08 -0.3857519E-12 -0.3568692E-12  0.8884702E-13
   238 -0.2988110E-08  0.8995439E-10 -0.7565559E-08 -0.1494624E-12  0.6706806E-13 -0.5071654E-12
   239  0.2060899E-08 -0.1119139E-08  0.5453171E-08  0.9778354E-13  0.1687225E-12 -0.4960091E-12
   240  0.6582196E-08 -0.4515568E-08  0.4764190E-08 -0.9260187E-14  0.5531017E-13 -0.5300084E-12
   241  0.5165544E-08  0.1516446E-08 -0.3466233E-08  0.9549088E-13 -0.4652241E-12 -0.2418718E-12
   242  0.4303965E-08  0.5930384E-09  0.2772005E-08 -0.1373671E-12 -0.2925225E-12  0.4238098E-12
   243  0.2192840E-08  0.4661762E-08 -0.3550823E-08 -0.2524856E-13 -0.2686589E-13  0.5316904E-12
   244  0.2610080E-08 -0.3452208E-10  0.2779650E-09  0.3989721E-13  0.5247366E-12  0.8434211E-13
   245  0.7505360E-08 -0.2771367E-08  0.3257809E-08  0.2728873E-12  0.4268063E-12 -0.1655983E-12
   246 -0.3417953E-08  0.3087437E-08 -0.1030736E-07  0.1397889E-12  0.3978867E-12  0.3258820E-12
   247  0.1016657E-07  0.6707067E-08  0.6144073E-08 -0.3320664E-13  0.4996424E-12 -0.1825067E-12
   248  0.5506192E-08 -0.1770019E-08  0.9842795E-09  0.3788412E-12 -0.3659169E-12  0.8147429E-13
   249  0.3443107E-08 -0.2328065E-08 -0.2892078E-08 -0.3178583E-13 -0.4742139E-13  0.5299007E-12
   250 -0.7524589E-08 -0.4681985E-08  0.5839919E-08  0.3513692E-13  0.4582617E-12 -0.2698434E-12
   251  0.9038238E-09 -0.6605715E-09 -0.4475969E-08 -0.4793396E-13 -0.1174158E-12  0.5176580E-12
   252 -0.3929648E-08 -0.4980929E-08  0.3784002E-08 -0.2529778E-12 -0.4688091E-12 -0.1655682E-13
   253 -0.2878965E-08 -0.1632816E-08 -0.4636355E-08  0.4701217E-13 -0.1615320E-12  0.5057185E-12
   254  0.1260688E-07  0.2917315E-08  0.7047578E-08 -0.2873842E-12 -0.2876936E-12 -0.3445238E-12
   255 -0.8715997E-09 -0.4635632E-08  0.1469724E-08 -0.4229272E-13  0.6738869E-13 -0.5269952E-12
   256 -0.8699184E-09  0.1294485E-08  0.1566551E-08  0.9916126E-13 -0.5055752E-12 -0.1364354E-12
   129 -0.1287016E-08 -0.2362211E-08  0.5249629E-08 -0.7607322E-11  0.2696453E-10  0.2019961E-09
   130  0.1099108E-08  0.2067790E-08 -0.8025281E-08  0.7921068E-10 -0.2160856E-09  0.2745137E-09
   131 -0.4872066E-08 -0.1877906E-08  0.6454609E-09  0.6804905E-11  0.2852853E-09  0.4925929E-09
   132  0.1194371E-08  0.5522233E-08  0.4361011E-08  0.2140985E-09 -0.4776452E-09 -0.3558768E-09
   133 -0.5591690E-08  0.1473083E-08  0.4962525E-08 -0.2227802E-09 -0.2604333E-09  0.3465916E-09
   134  0.3941627E-08 -0.3643812E-08  0.8640484E-08 -0.1740325E-11 -0.1119892E-09 -0.3874762E-10
   135  0.1339695E-08  0.3034000E-08 -0.2317112E-09 -0.5389539E-10  0.2436208E-09  0.5472422E-09
   136  0.5641124E-08  0.4088681E-08  0.1367361E-08 -0.3644032E-10  0.5155869E-09  0.2219064E-09
   137 -0.1632264E-08 -0.5156967E-08  0.5961831E-09  0.3653894E-09  0.2164490E-09 -0.2764846E-11
   138 -0.3125873E-08  0.2289561E-08  0.4210770E-08 -0.4515317E-09  0.2441285E-09  0.3071023E-10
   139 -0.2867553E-08  0.1554070E-08  0.5034094E-08 -0.2894079E-09  0.1310286E-09 -0.1404569E-09
   140  0.1820573E-08  0.4827168E-08 -0.1646468E-08  0.2059015E-09  0.7985623E-09  0.1291704E-09
   141  0.3279594E-08 -0.2023313E-08 -0.2935717E-08 -0.1014339E-09 -0.4134049E-10  0.5117788E-09
   142 -0.3752582E-08 -0.3375812E-09  0.2098436E-08 -0.3875390E-09 -0.2540461E-09  0.2283412E-09
   143 -0.3380876E-08 -0.2487095E-08  0.1831361E-08  0.4481334E-09  0.4842810E-09 -0.7372991E-10
   144  0.1331546E-08 -0.1469943E-08 -0.6742442E-08 -0.1132648E-09 -0.3076220E-09  0.1506120E-09
   145  0.2425337E-08 -0.1987070E-08  0.3090246E-08 -0.1435361E-09 -0.1112669E-09 -0.7563605E-10
   146  0.7925561E-09 -0.9248612E-08  0.2778502E-08 -0.7076416E-10 -0.7986053E-10  0.8106030E-10
   147  0.5202910E-09 -0.2451376E-08 -0.8039757E-08 -0.6832566E-10  0.1136858E-09 -0.1247054E-09
   148  0.8294923E-09 -0.2075797E-08 -0.2241548E-08  0.2398613E-09  0.4017464E-09 -0.4200478E-09
   149 -0.1861183E-08 -0.1967783E-08  0.2368944E-08 -0.7118746E-09  0.2077094E-09 -0.8559998E-10
   150 -0.1389827E-08  0.6901753E-08  0.5422948E-08 -0.6281028E-10 -0.1179074E-09 -0.1480174E-09
   151 -0.3736016E-08 -0.4128066E-08 -0.5650768E-08  0.6265266E-09  0.2106790E-09  0.4450182E-09
   152 -0.2719883E-08  0.1192626E-08 -0.2671407E-09 -0.1829015E-09 -0.5458046E-09 -0.4209064E-10
   153 -0.1974565E-08  0.2153756E-09  0.2838119E-08  0.1454539E-09  0.4142876E-09 -0.2947067E-09
   154 -0.7094377E-08 -0.4419616E-08 -0.1430252E-07 -0.7484590E-09  0.1682698E-09  0.3189572E-09
   155 -0.3003734E-08 -0.5240571E-08  0.1851261E-08  0.5265558E-09  0.5385234E-09 -0.2990546E-09
   156  0.5148719E-08 -0.1596851E-08 -0.1198882E-08  0.1618199E-09 -0.1823467E-09 -0.5802879E-09
   157 -0.7785941E-08 -0.2039991E-08  0.4978605E-09  0.1485328E-09  0.1457438E-10  0.2739338E-11
   158 -0.2789492E-09  0.2605588E-08 -0.4351878E-08  0.1886766E-09 -0.1247735E-09  0.2325932E-09
   159 -0.1715658E-10 -0.7628471E-08  0.7550645E-09  0.3490717E-09 -0.2350489E-09  0.1885868E-09
   160  0.5919527E-08 -0.3556166E-08 -0.3875687E-08  0.1737538E-09 -0.1384517E-09 -0.8068467E-09
   161 -0.3324929E-08  0.8535996E-08  0.4833464E-08  0.5421928E-09  0.1874935E-09  0.4721622E-09
   162 -0.4544915E-08  0.1301338E-08  0.1987145E-08  0.8568956E-10  0.3578835E-09 -0.4215806E-09
   163  0.7909733E-08 -0.5737531E-08 -0.1056125E-07 -0.1397894E-11  0.4044434E-09 -0.6353447E-10
   164 -0.8358079E-08 -0.6841878E-08  0.5086195E-08 -0.4131597E-09  0.6446848E-10  0.2962272E-09
   165 -0.4851127E-08 -0.4155706E-09 -0.6314608E-08 -0.7218751E-09  0.3425715E-10 -0.7919203E-09
   166 -0.3323622E-08 -0.2749662E-08 -0.1018598E-07 -0.8072842E-10 -0.1795895E-09  0.2508765E-09
   167  0.2731813E-08 -0.7370462E-08 -0.3787594E-08 -0.2437050E-09 -0.2336164E-09 -0.3800688E-09
   168 -0.2455329E-08  0.2815972E-08  0.3408482E-08  0.3626050E-09 -0.2343486E-09 -0.2562327E-09
   169  0.1463577E-08  0.4323595E-08 -0.5642321E-09  0.3416621E-09  0.2029769E-09 -0.5148170E-09
   170  0.1478468E-08 -0.3598950E-08  0.5245822E-08 -0.6090339E-09  0.2043324E-09 -0.1433819E-09
   171  0.5743340E-08 -0.1815661E-09 -0.1492619E-08 -0.2446790E-09  0.4863125E-10 -0.5819950E-09
   172 -0.7960454E-08  0.7267937E-08 -0.3376082E-08 -0.6003252E-09  0.1328086E-09  0.8262738E-10
   173  0.2578426E-08 -0.5097339E-09  0.5961120E-09  0.1081990E-09 -0.3255542E-10 -0.2014186E-09
   174  0.2790849E-08  0.5660355E-08  0.2162173E-08 -0.5326454E-10  0.3884784E-09  0.5435401E-09
   175 -0.4619961E-08 -0.1749749E-08 -0.5097598E-08 -0.1070306E-09  0.3807020E-09 -0.2190869E-10
   176 -0.6686530E-08 -0.5091542E-08 -0.8818583E-08 -0.3598053E-09  0.5512278E-10 -0.2216670E-09
   177 -0.4783193E-08 -0.4304879E-08 -0.5889927E-08  0.3329881E-09  0.4772107E-11  0.3120675E-09
   178  0.1824299E-08 -0.1029859E-08  0.2903777E-08  0.4292988E-10 -0.7200504E-09 -0.3324506E-09
   179 -0.6425936E-08  0.2910500E-08  0.1951307E-08  0.6195562E-09  0.3556418E-09 -0.5432813E-09
   180 -0.7489762E-09  0.8695271E-08  0.1171379E-08  0.8319080E-10  0.5335365E-09  0.2720209E-09
   181  0.2784935E-08 -0.1123232E-08 -0.5339866E-09 -0.7267241E-10 -0.2727922E-09  0.3295132E-09
   182  0.4477370E-09 -0.7917664E-09 -0.4836756E-08 -0.2316619E-10 -0.5734061E-09 -0.2665858E-09
   183 -0.3384958E-08 -0.3322326E-08  0.4352592E-09 -0.1446426E-09  0.1451090E-09 -0.2679332E-11
   184  0.6023093E-08 -0.1149117E-08  0.4173132E-08 -0.2321878E-09 -0.2422448E-09  0.3500538E-10
   185  0.1002114E-07  0.7604875E-08 -0.5186614E-08 -0.6003577E-09 -0.1465625E-09 -0.3980358E-09
   186 -0.1530081E-08 -0.4878513E-08  0.4849289E-08  0.1403312E-09 -0.1129197E-09 -0.7650171E-09
   187  0.6311144E-08 -0.3746781E-08  0.3034082E-08  0.9227592E-10 -0.2827998E-09  0.7893668E-11
   188  0.5202419E-08  0.3447140E-08  0.1209193E-08  0.6163880E-09 -0.4459070E-10  0.2802808E-09
   189  0.7289807E-08  0.2886278E-08  0.3080308E-08  0.4844843E-10  0.3922566E-09 -0.4556101E-09
   190  0.1830552E-08 -0.8617745E-08  0.1002534E-07  0.3931702E-10  0.8186867E-10 -0.2653507E-09
   191 -0.2123191E-08  0.5532890E-08 -0.3559609E-08 -0.2123268E-09  0.4645698E-09 -0.1902244E-09
   192  0.2652939E-09  0.1437803E-08  0.3159072E-09 -0.2822395E-09  0.9590598E-10 -0.9989620E-10
   193 -0.2942775E-08 -0.4977962E-08  0.5733002E-08  0.2597823E-09 -0.4135330E-09 -0.3487300E-09
   194 -0.1820068E-08  0.8258515E-08  0.7061331E-08  0.2488023E-09  0.7807161E-10 -0.3016391E-09
   195 -0.2954575E-08  0.3315485E-08  0.7821402E-09 -0.2266093E-09 -0.3464318E-09  0.4466510E-09
   196 -0.4475780E-09  0.1147623E-08  0.2324759E-08 -0.4012206E-10 -0.1947978E-11 -0.1533383E-09
   197  0.3755894E-08  0.1530691E-08  0.2156231E-08  0.2829544E-09  0.3038873E-09  0.1895483E-09
   198  0.2223992E-08 -0.2998758E-08 -0.1263443E-07  0.4143141E-09  0.2965649E-09  0.2545705E-09
   199  0.5725346E-08 -0.1676978E-08 -0.1922329E-09 -0.6337093E-09 -0.2548159E-09 -0.2818276E-09
   200 -0.3254959E-08 -0.9182788E-09 -0.8854535E-09 -0.1779623E-09  0.7520940E-09 -0.5182838E-10
   201  0.8054921E-08  0.1663246E-09  0.6995497E-08  0.3984393E-10  0.4755726E-09  0.7436816E-09
   202 -0.6931668E-08  0.4257952E-09  0.1523300E-09 -0.1565374E-09 -0.3077277E-09 -0.5931013E-09
   203  0.2802514E-08  0.3828529E-08 -0.5820853E-08  0.2480769E-09  0.5812730E-09 -0.1350548E-09
   204  0.4083268E-08  0.3099003E-08  0.5843561E-08 -0.5618830E-09  0.1656500E-09 -0.4546869E-09
   205 -0.5567570E-08  0.1436019E-09 -0.6558223E-08 -0.6127431E-10 -0.4506772E-09 -0.1852427E-09
   206  0.7666004E-09  0.9322779E-08  0.5776056E-08 -0.4207910E-09  0.2380594E-09  0.2853980E-09
   207 -0.2102997E-08 -0.1913818E-08  0.5219180E-08  0.3666902E-09 -0.1798392E-09 -0.4449552E-09
   208 -0.5557516E-08  0.2080489E-08 -0.8748364E-09 -0.1036681E-09  0.1992223E-09 -0.6322486E-09
   209  0.2815451E-09 -0.2113046E-08 -0.5658771E-08  0.3097867E-09 -0.2066919E-09 -0.5230825E-09
   210 -0.3813973E-08 -0.5068375E-08  0.5377424E-08  0.4443774E-09  0.5627649E-09 -0.1564585E-09
   211  0.2533921E-09  0.2655899E-08  0.3422760E-08 -0.3050029E-09 -0.1567866E-09 -0.3752029E-09
   212 -0.2889074E-08 -0.3700103E-08  0.3445299E-08  0.1460959E-09  0.2610906E-09 -0.2240977E-10
   213 -0.5706194E-08  0.4375000E-08  0.7916302E-08  0.1418147E-09  0.2728754E-09 -0.2009077E-09
   214 -0.2364237E-08  0.1984423E-08  0.4986626E-08  0.3178776E-10 -0.2086274E-09  0.3078898E-10
   215 -0.2310802E-08  0.2955789E-08 -0.3237956E-08  0.6448448E-10 -0.2932912E-10  0.3823118E-09
   216 -0.3788919E-08  0.3723237E-09 -0.8007951E-09 -0.4012952E-09 -0.4326821E-09  0.3209439E-09
   217  0.1178452E-08 -0.4499895E-08 -0.3228949E-08 -0.4190115E-09  0.1053190E-10  0.2991958E-09
   218 -0.8023416E-09 -0.1199645E-08  0.7907638E-08 -0.8086945E-10 -0.4085215E-09 -0.2486413E-09
   219 -0.3563697E-08 -0.2060545E-08 -0.5098416E-08 -0.3520642E-09  0.6342733E-09 -0.2614779E-10
   220  0.6578141E-08 -0.3019573E-08 -0.2376719E-08  0.5557856E-09 -0.9263498E-10 -0.5497585E-09
   221  0.1881049E-09 -0.1374441E-09 -0.2123491E-08 -0.9135966E-10  0.2664058E-09 -0.4293883E-09
   222 -0.1731565E-08 -0.3342555E-08 -0.5388634E-08 -0.1431921E-09 -0.3810960E-09 -0.2024006E-09
   223  0.4333703E-08 -0.5378892E-08  0.9413708E-08 -0.7677253E-09  0.1803649E-10 -0.1858709E-09
   224 -0.7269769E-08 -0.2824568E-08 -0.4697238E-09  0.3165983E-09 -0.3417773E-09  0.4807079E-09
   225 -0.8008888E-09  0.3977456E-09 -0.4381448E-09  0.1676173E-09 -0.4209432E-09  0.2288486E-09
   226 -0.9045696E-09 -0.1971171E-08  0.3474673E-08 -0.1371461E-09  0.3861331E-10  0.1370928E-09
   227  0.1101840E-07 -0.1576292E-08 -0.4327887E-08 -0.1169712E-09 -0.1016699E-09  0.3872942E-10
   228 -0.7300585E-08  0.6758619E-08  0.3814608E-08 -0.6808177E-09 -0.6164475E-09 -0.4714701E-10
   229  0.1154187E-08 -0.1347407E-07 -0.3839261E-09  0.2290221E-09  0.5520799E-09 -0.1383729E-09
   230  0.5626492E-09 -0.1478145E-08 -0.3142723E-08  0.2942515E-10 -0.3640383E-09 -0.1327321E-09
   231 -0.1203624E-08  0.6845710E-08  0.3000699E-08  0.3573377E-09 -0.2638654E-09  0.2566471E-09
   232  0.2016456E-08  0.1774910E-08 -0.1381759E-08 -0.1261555E-09  0.1879750E-09 -0.5555506E-09
   233 -0.3664167E-08  0.2137579E-09 -0.5000163E-08  0.8917171E-09  0.9871507E-10  0.1212358E-11
   234  0.2214266E-08  0.7181302E-08  0.6793028E-08  0.1347842E-09  0.5840620E-10 -0.1689741E-09
   235 -0.6210285E-08  0.1007880E-07 -0.9807927E-09 -0.1915192E-09  0.2200017E-09 -0.3370165E-09
   236  0.7758159E-08 -0.2537089E-08 -0.5019903E-08 -0.5890357E-09 -0.7474550E-10 -0.2985187E-09
   237 -0.2702183E-09  0.3289179E-08 -0.7885331E-08 -0.1015531E-09 -0.3853125E-09 -0.8351102E-09
   238  0.3891116E-08  0.5353830E-08  0.5078264E-08 -0.2188305E-09 -0.9696875E-11 -0.1716248E-09
   239  0.3380107E-08  0.7987904E-09  0.3232217E-08  0.2740173E-09 -0.2277942E-09 -0.5302804E-09
   240 -0.3385025E-08 -0.2916957E-08 -0.5314354E-08 -0.3713246E-09 -0.7521651E-10 -0.9076897E-09
   241  0.2115648E-08  0.1311171E-09  0.1079956E-08 -0.6958140E-09  0.1094859E-09  0.2989154E-09
   242 -0.3725107E-08 -0.3419843E-08  0.4360883E-08  0.1365507E-09  0.3709953E-10  0.3236542E-09
   243 -0.2414822E-08  0.2427937E-09  0.2081917E-08 -0.2618196E-10  0.1425697E-09  0.5273031E-10
   244  0.7124096E-08 -0.2436780E-08  0.4283108E-09 -0.2641056E-09  0.6877295E-11 -0.5030796E-09
   245 -0.3224531E-08  0.3590951E-08 -0.3113579E-08 -0.3426861E-10  0.4961285E-09 -0.2676820E-09
   246 -0.4511938E-08  0.3903185E-08  0.1684462E-08  0.3521113E-09  0.3729688E-09  0.6265414E-09
   247 -0.3363331E-08 -0.5297909E-08 -0.2384889E-08  0.1967523E-09 -0.2220756E-09 -0.6685556E-10
   248 -0.5924771E-08  0.6977655E-09 -0.2942190E-08  0.1040061E-09  0.2238301E-09 -0.3343885E-09
   249 -0.5326869E-08 -0.5494902E-08  0.2083150E-08  0.1064624E-09  0.1522087E-09 -0.3437121E-09
   250 -0.4988191E-08  0.1232363E-08  0.2993145E-08  0.3270438E-10  0.6707849E-09  0.1616678E-09
   251 -0.6916294E-10  0.5643494E-09 -0.6700478E-08 -0.7867647E-09 -0.3642959E-09  0.5631602E-10
   252 -0.2507329E-08  0.1068709E-08 -0.1983964E-08  0.1747199E-09  0.4863232E-09  0.3535531E-10
   253  0.5523600E-09 -0.2009150E-08 -0.5394992E-08 -0.2397651E-09 -0.3526338E-09 -0.2647041E-09
   254  0.1718084E-08  0.1136057E-07  0.7748116E-09 -0.1413134E-09  0.2312483E-09 -0.1145111E-08
   255 -0.7649206E-08  0.6625983E-08 -0.9947871E-09 -0.3469170E-09  0.3282086E-09 -0.1711650E-10
   256 -0.4721295E-09 -0.3239185E-08  0.1776921E-08  0.1131394E-09 -0.2824957E-09  0.3980571E-09
   129 -0.2627740E-08 -0.7902369E-09  0.1114330E-08  0.3109996E-09  0.1191664E-10  0.5669259E-09
   130 -0.3398875E-08 -0.1508291E-08 -0.3030477E-08  0.1328660E-09  0.1041517E-09  0.2964492E-09
   131 -0.3860504E-08 -0.1748465E-08 -0.6306214E-08  0.3343634E-09 -0.5010802E-09  0.1806346E-09
   132  0.1853430E-08  0.8081097E-08 -0.6246267E-08  0.1125135E-09  0.3728202E-09  0.7591613E-09
   133  0.1554595E-08  0.1760644E-08  0.4387738E-08  0.9580051E-11  0.2384712E-11  0.3038618E-09
   134  0.6604336E-08 -0.2290141E-08 -0.1495194E-08 -0.3767306E-09 -0.3389356E-09  0.4612962E-09
   135  0.7307477E-08  0.9535560E-08 -0.5996642E-08 -0.1425390E-09  0.7602724E-10  0.5464717E-10
   136  0.5525351E-08  0.7482646E-08 -0.4251310E-08  0.6490588E-10 -0.3903521E-09  0.1409503E-09
   137 -0.2858347E-08 -0.7400189E-09 -0.9038936E-08  0.3217116E-09  0.1541677E-09  0.3156486E-09
   138  0.2269317E-08 -0.3349000E-08  0.2671600E-08  0.2272098E-09 -0.3099202E-09  0.4494363E-10
   139  0.4586692E-08 -0.2763737E-08 -0.3223373E-10  0.2451469E-09  0.1586261E-09  0.3085976E-09
   140  0.4133782E-08 -0.7936882E-08 -0.2087369E-08  0.6565135E-10 -0.7284738E-09  0.7436533E-09
   141  0.3062032E-08  0.6224733E-08 -0.4369662E-08  0.3267061E-09  0.5689262E-11  0.3405834E-10
   142 -0.2395563E-08  0.6041287E-09  0.1129028E-07 -0.1142333E-10  0.1708431E-09  0.9578446E-10
   143  0.1035897E-07 -0.4560112E-08 -0.7690478E-08  0.1448536E-09 -0.7186420E-09  0.5262908E-09
   144  0.3963950E-08  0.6712002E-08 -0.7545173E-08 -0.1390851E-09  0.4814119E-09 -0.3474756E-09
   145 -0.8661197E-09  0.6634905E-08  0.1244111E-08  0.4981744E-09  0.1894331E-09 -0.3171844E-10
   146  0.4628338E-08 -0.2051664E-08  0.4451465E-08 -0.1063319E-09 -0.1171441E-09 -0.3519346E-10
   147  0.1296582E-08  0.8376840E-08  0.2131872E-08  0.7014988E-10 -0.6027763E-09  0.3735449E-09
   148 -0.1415041E-08  0.8079881E-08  0.2933269E-09 -0.1965422E-10  0.6115721E-09 -0.2969904E-09
   149 -0.2116705E-08  0.2709246E-08  0.2185732E-09  0.3949721E-09 -0.2331799E-09  0.2253686E-09
   150 -0.8933795E-08  0.5450779E-08  0.2997111E-08 -0.6017763E-11  0.2182419E-09  0.1256015E-09
   151  0.1158737E-07  0.7152914E-09  0.4484898E-08 -0.3359329E-09 -0.1474157E-09  0.3001416E-09
   152  0.9002369E-08 -0.6292996E-08 -0.8077530E-08 -0.4696931E-09 -0.2949797E-09 -0.1318926E-09
   153 -0.5022048E-08  0.7833569E-09 -0.3380441E-08 -0.4335364E-09 -0.1069357E-09  0.7121584E-09
   154 -0.3328840E-08  0.2906977E-08 -0.9141799E-09  0.6938838E-09  0.7006762E-09  0.1102154E-09
   155 -0.1626239E-08  0.2729452E-08  0.1734208E-08  0.2424035E-09  0.5473332E-09  0.1757853E-09
   156  0.5519523E-09 -0.1012241E-08  0.2927084E-08  0.2391139E-09  0.8509244E-09  0.4917885E-09
   157  0.4333804E-08  0.4894250E-08 -0.5395875E-08  0.2970695E-09 -0.1533846E-09 -0.2014616E-09
   158 -0.1085500E-08  0.1987583E-08  0.3456234E-09 -0.1513532E-09  0.2930266E-09  0.4938002E-09
   159  0.5338043E-08 -0.2828835E-08 -0.6724474E-09  0.3295108E-09 -0.7030660E-09  0.3335221E-09
   160  0.7329825E-08 -0.4061277E-08  0.5758178E-09 -0.5005785E-09 -0.3630657E-09  0.3995549E-09
   161  0.4721636E-09 -0.4326456E-09 -0.3546199E-09 -0.1180377E-09 -0.1299652E-09  0.2840248E-09
   162 -0.4261525E-08  0.5750964E-08  0.3943433E-08 -0.3731848E-09  0.4990879E-09  0.5580294E-09
   163 -0.3748155E-08 -0.3592993E-08  0.3347159E-08  0.5561796E-10  0.3039501E-10 -0.1314505E-09
   164  0.7651862E-09  0.1180449E-08 -0.5111675E-08  0.5283019E-09 -0.1578903E-09 -0.5552882E-10
   165 -0.1444294E-08  0.7740405E-10 -0.6706022E-08 -0.1635593E-09  0.1008901E-09  0.2267550E-09
   166  0.4110432E-09 -0.2469314E-08 -0.6778700E-10 -0.6366936E-10 -0.2467653E-09  0.3127716E-09
   167  0.2931251E-08  0.2923619E-08 -0.3799476E-09  0.2208965E-09  0.1307177E-09  0.4144784E-09
   168  0.6705870E-08  0.4404021E-08 -0.6622010E-08  0.3434039E-09 -0.3539875E-09  0.1002655E-08
   169 -0.8436373E-08  0.2889802E-08 -0.3029128E-08 -0.3184676E-09 -0.2962992E-09  0.9517444E-10
   170  0.1912906E-08 -0.1960052E-09 -0.2405651E-08  0.2857966E-11 -0.2014849E-09  0.6065732E-09
   171 -0.4744230E-08 -0.6964854E-09 -0.1504955E-09  0.1351993E-09 -0.5879543E-09  0.5570804E-09
   172  0.1871896E-08  0.4740690E-08  0.2644619E-08 -0.2602374E-09 -0.3210884E-09  0.4918444E-09
   173 -0.2249759E-08  0.2202161E-08  0.3527018E-08  0.1581683E-09  0.1915441E-10 -0.2141325E-09
   174 -0.3948966E-08  0.4139003E-08 -0.2041062E-08 -0.5305764E-10  0.1775867E-09  0.2728392E-09
   175  0.1984076E-09 -0.3087912E-08  0.9364927E-08 -0.1774669E-10 -0.3863608E-09  0.6183845E-10
   176 -0.1395026E-09  0.8035702E-10  0.4833486E-08  0.1582574E-09  0.3032390E-09  0.6987889E-09
   177  0.6796824E-08 -0.5889686E-08 -0.2180161E-08 -0.1161022E-09 -0.6927522E-10  0.1423395E-09
   178  0.1395379E-08  0.2995654E-08  0.6303201E-08  0.1254721E-09  0.2384029E-09  0.4087913E-09
   179 -0.7765321E-08  0.1378864E-08 -0.3187619E-08  0.5861758E-10 -0.5065653E-09  0.2405885E-09
   180 -0.1789156E-09  0.2123578E-08  0.7539931E-08  0.6361159E-10  0.1112087E-10  0.5265930E-09
   181 -0.5325466E-09  0.2277039E-08 -0.4982192E-09 -0.1784002E-09  0.7528399E-10 -0.1908390E-09
   182 -0.7074958E-08  0.1120417E-08 -0.3621571E-08 -0.1749634E-09 -0.1408712E-09  0.3567228E-09
   183  0.4090115E-08  0.4189084E-08  0.7973241E-08 -0.8229717E-10 -0.2490157E-09 -0.5574594E-09
   184  0.2628087E-08  0.4904953E-08  0.1774461E-08  0.4710990E-09 -0.2288271E-10 -0.1657945E-09
   185 -0.1973174E-08  0.2833237E-08 -0.5816281E-09  0.1082914E-08  0.3083853E-09  0.1370378E-09
   186  0.2804422E-08 -0.1278619E-08  0.2172096E-08  0.5123186E-09  0.2547902E-09  0.1550162E-10
   187  0.2893242E-08 -0.6861564E-09  0.1186013E-09  0.1944409E-09  0.6727325E-11  0.4801348E-09
   188 -0.3502120E-08 -0.1789429E-08 -0.2838978E-08 -0.2036792E-09 -0.8240186E-10 -0.1496074E-09
   189  0.6219857E-08  0.4570914E-08 -0.1884345E-09  0.4553133E-09  0.1680063E-09  0.5449084E-09
   190 -0.3003999E-08  0.1587145E-08  0.3909183E-08  0.1663944E-09 -0.4422671E-09 -0.1244641E-09
   191  0.2517220E-08 -0.9533245E-09  0.3093247E-08 -0.5094882E-09  0.6270444E-09  0.6997850E-09
   192 -0.4123072E-08 -0.2999767E-08 -0.7210728E-09 -0.2107950E-10  0.4305260E-09  0.6517626E-09
   193 -0.2231267E-08 -0.5070866E-09 -0.5747792E-08 -0.2392120E-09 -0.4313977E-10 -0.2129955E-09
   194 -0.8831889E-08 -0.1023359E-08 -0.2716249E-09 -0.2546476E-09  0.7579394E-10  0.2770183E-09
   195 -0.5596060E-09 -0.1303263E-08  0.1486450E-08  0.1123850E-09 -0.2288429E-09  0.2590488E-09
   196  0.3512028E-08  0.2348762E-08 -0.2217387E-08 -0.3490833E-09 -0.6383989E-12  0.1697951E-09
   197  0.3415843E-10  0.4892233E-08 -0.9189160E-08  0.1197983E-09 -0.2794238E-09 -0.2541345E-10
   198  0.5921803E-08 -0.3210254E-08 -0.8404042E-08  0.8088606E-10 -0.2763705E-09  0.4972179E-09
   199 -0.1778796E-09  0.4356346E-08 -0.8118434E-09 -0.1587558E-09  0.4738813E-09  0.4924376E-09
   200  0.6221537E-09  0.1289760E-08 -0.4543021E-08  0.3112548E-09 -0.6129382E-09  0.5743288E-09
   201  0.5927828E-08  0.6016976E-08  0.3286330E-08  0.1869858E-09  0.7643909E-10 -0.7231898E-10
   202  0.6069610E-10 -0.5738504E-08 -0.1753432E-08 -0.4472372E-09 -0.1551130E-09  0.5172016E-09
   203 -0.4964713E-08  0.9881169E-08  0.5537181E-08 -0.3279178E-09  0.3858609E-09  0.3054654E-09
   204 -0.2481460E-08  0.6114281E-10  0.1653970E-08  0.4823751E-09 -0.1148203E-09  0.4037449E-09
   205 -0.5011163E-09 -0.2550156E-08 -0.2508243E-08  0.5258166E-09  0.1213287E-09  0.8097362E-09
   206 -0.6229555E-08 -0.6321261E-09  0.5001658E-08  0.1610434E-09 -0.1749708E-09  0.9784979E-09
   207 -0.8092904E-08 -0.1252786E-08  0.2283892E-08 -0.2725351E-09  0.2017337E-09  0.2054629E-09
   208 -0.2873416E-08  0.2650328E-08 -0.2211380E-09 -0.4916766E-09  0.3144577E-09  0.7741510E-09
   209 -0.2353824E-08 -0.5477419E-08 -0.1469800E-08  0.4496408E-09 -0.8677242E-10 -0.2832753E-10
   210  0.4183691E-08  0.1001840E-08  0.2582264E-08 -0.1739930E-10 -0.4892607E-09  0.2788654E-09
   211 -0.6348177E-08  0.1624785E-08 -0.3351331E-08 -0.7990238E-09 -0.1122333E-08 -0.2055442E-09
   212 -0.2246956E-08 -0.6074650E-08  0.2945696E-08 -0.1743711E-09 -0.3877895E-09 -0.1870478E-10
   213  0.2489215E-08 -0.3579548E-09  0.7895015E-08 -0.4656243E-09  0.3987434E-09  0.1184099E-08
   214  0.6385158E-09  0.1153158E-08 -0.1232802E-09  0.3487495E-10  0.4722984E-09  0.4748401E-09
   215 -0.4141434E-08  0.5398728E-08  0.6738190E-08 -0.1427676E-09  0.2643218E-09  0.7265224E-09
   216  0.2157094E-09  0.6258236E-09  0.3414416E-08  0.2396986E-09  0.1001206E-09  0.2985261E-09
   217 -0.1420759E-08  0.5149029E-08  0.4867754E-08 -0.1379790E-09  0.3144907E-09  0.3297412E-09
   218  0.3387408E-09  0.5742820E-08  0.8571155E-09 -0.2802938E-09 -0.2363350E-09  0.1385078E-09
   219 -0.2413640E-08  0.8756881E-08  0.8913294E-08  0.3014799E-09  0.3233535E-09  0.2982712E-09
   220 -0.2349546E-08  0.5267050E-08  0.3314213E-08  0.1294832E-09 -0.3862019E-09  0.3153478E-09
   221 -0.1171539E-08 -0.2621922E-08 -0.6970675E-08 -0.2654550E-09 -0.5184454E-09  0.4054237E-09
   222 -0.8341689E-09 -0.1165889E-08 -0.2147318E-08 -0.1483602E-09  0.7025743E-09  0.1362143E-09
   223  0.5305286E-08 -0.2134786E-08  0.1721450E-08 -0.3385340E-09 -0.2589540E-09 -0.5310183E-09
   224  0.6639944E-08  0.8315373E-08  0.3517546E-08 -0.1954369E-09 -0.2578570E-09  0.1744471E-09
   225 -0.3372667E-08  0.2193703E-08  0.2583454E-08  0.7595805E-09 -0.2780604E-09  0.1349234E-09
   226 -0.7959777E-08 -0.3842786E-08 -0.1013669E-08  0.4797990E-10 -0.4950615E-09  0.8390648E-09
   227 -0.9586094E-08  0.8936766E-08  0.1019643E-07  0.1037398E-09  0.3974391E-09  0.4638502E-09
   228 -0.2785726E-08  0.4321944E-08 -0.3502203E-08  0.1173089E-09 -0.5296390E-09 -0.1672810E-09
   229 -0.2448264E-09  0.9799447E-08  0.2570245E-08 -0.2910826E-09 -0.3905476E-09 -0.4453910E-09
   230  0.6428653E-08  0.6368400E-08 -0.6894708E-08 -0.3703793E-09 -0.6347791E-10  0.7634343E-09
   231 -0.1810832E-08  0.4936252E-08 -0.8041871E-09 -0.8164411E-09  0.7693380E-09  0.4561336E-09
   232  0.1163162E-08 -0.1011552E-09  0.7989112E-08 -0.1681428E-09 -0.6073104E-09  0.4031933E-09
   233  0.4279524E-09 -0.4761550E-09 -0.3172179E-10  0.2987667E-09 -0.1590506E-09  0.1300392E-09
   234 -0.1665632E-08 -0.7655430E-08  0.1804449E-08  0.2753473E-09  0.2143715E-09  0.9749021E-09
   235 -0.3390244E-08  0.2247923E-08  0.3032875E-08 -0.8588820E-09 -0.2358319E-09  0.4454559E-09
   236 -0.2835783E-08  0.4079098E-09 -0.6669818E-09  0.6933354E-10  0.2564179E-09  0.1864684E-09
   237  0.4648344E-08 -0.5551377E-08  0.4427464E-08 -0.1342136E-09  0.2318108E-09  0.9586755E-09
   238 -0.2632862E-08 -0.3970774E-08 -0.8097613E-08  0.2060997E-09  0.9118121E-10 -0.1860454E-09
   239  0.1232136E-08  0.6053136E-09 -0.3907308E-08 -0.1910988E-09 -0.3994167E-09  0.2183788E-09
   240 -0.2824988E-08 -0.1174726E-08  0.3913985E-08  0.3784030E-09 -0.2625192E-09  0.3348524E-09
   241  0.4034537E-08 -0.2496650E-08 -0.5712136E-08 -0.4462760E-09 -0.5194123E-10  0.3935814E-09
   242  0.9572178E-09 -0.3102204E-08  0.3624581E-08  0.1645490E-09  0.3496510E-09  0.4458303E-09
   243  0.6907005E-08 -0.4237194E-08 -0.1777017E-08 -0.3022414E-09 -0.8919816E-09  0.3333497E-09
   244 -0.2236056E-08 -0.6255998E-08  0.7422401E-09 -0.1409666E-09  0.6638569E-09  0.7869405E-09
   245  0.5710175E-08  0.1728764E-08 -0.3316738E-08 -0.6545133E-09  0.5904949E-10  0.1125139E-09
   246 -0.2739811E-08 -0.3930617E-08  0.4838117E-08 -0.1677544E-09  0.5048169E-09  0.4148066E-09
   247  0.3964440E-08  0.1774989E-08 -0.2616075E-08 -0.6179615E-09  0.2015594E-09 -0.4657254E-09
   248 -0.6023682E-09 -0.5751583E-08  0.1015696E-07 -0.2804471E-09 -0.2223620E-09  0.5795660E-09
   249 -0.8286888E-08 -0.1258250E-08  0.4101573E-08  0.2820779E-10  0.2854646E-09  0.9846956E-09
   250 -0.4145726E-09 -0.5094879E-08  0.7713983E-08  0.3234119E-09  0.2494599E-09  0.6270712E-09
   251  0.3568939E-08 -0.2877889E-08  0.3356204E-08 -0.3743441E-09 -0.3322087E-09  0.2706123E-09
   252 -0.5764770E-08  0.8088079E-08 -0.2705970E-08 -0.1977725E-09  0.1508770E-09 -0.1156466E-09
   253  0.9393360E-09 -0.2098401E-08  0.5263695E-08 -0.2471411E-09  0.8909027E-11 -0.7641208E-10
   254 -0.6204884E-09 -0.5150962E-08 -0.7724354E-08 -0.1278185E-10 -0.1599077E-09 -0.6892414E-10
   255  0.4160963E-08  0.3279484E-09 -0.6099742E-08 -0.9377857E-10 -0.7865786E-10  0.5274735E-10
   256  0.5564298E-09  0.2188156E-08  0.7027409E-08  0.1724026E-09  0.9411266E-10  0.3430048E-09
   129 -0.1841022E-08  0.6316567E-08  0.6226573E-08 -0.9770960E-10  0.5497976E-10 -0.2055724E-09
   130 -0.3354745E-08 -0.1989431E-08 -0.3862996E-08 -0.6668142E-11 -0.3205689E-09 -0.8995786E-10
   131  0.6540407E-08  0.7674045E-08 -0.1263527E-08  0.1964707E-09 -0.2840283E-09 -0.1632414E-09
   132 -0.1823849E-08 -0.3241872E-08 -0.2235535E-08  0.1680129E-09  0.1800125E-09  0.2096482E-09
   133 -0.7728019E-09  0.8347982E-08  0.1874891E-08  0.4226160E-09  0.2023933E-09  0.5951937E-10
   134 -0.1169300E-08 -0.3101707E-08  0.2601626E-08  0.1391746E-09  0.2385067E-10 -0.2405780E-09
   135 -0.4514806E-08 -0.6219815E-08 -0.7537695E-08  0.3184645E-10 -0.2696180E-09  0.1576330E-09
   136 -0.2182352E-08 -0.1198098E-07 -0.9107202E-09 -0.1321552E-09 -0.1256114E-09  0.3534930E-09
   137 -0.1226442E-08 -0.2824748E-09  0.9295105E-08 -0.2625306E-10  0.7884752E-10  0.4070308E-09
   138 -0.6263750E-08 -0.4275102E-08 -0.2008952E-08 -0.5308848E-09 -0.1954249E-10  0.5162504E-09
   139 -0.1769185E-08 -0.4088253E-08  0.1717719E-08  0.1595034E-09 -0.1297139E-09 -0.2458444E-09
   140 -0.4738171E-08 -0.3445934E-08  0.9651444E-09 -0.5081049E-09 -0.2145666E-09  0.5669842E-09
   141  0.1091831E-08 -0.2426395E-08  0.5759829E-08  0.3383254E-09 -0.7248014E-09  0.6979855E-09
   142  0.3553310E-09  0.3131297E-08 -0.3229819E-08 -0.2128605E-09 -0.1623219E-10  0.2461757E-09
   143 -0.2112648E-08 -0.3326165E-08  0.4783513E-08  0.1787783E-09  0.2011474E-09 -0.2157601E-10
   144  0.8871211E-09 -0.1232279E-08  0.3813478E-09 -0.7281210E-11  0.1984677E-11  0.2101415E-09
   145  0.3967689E-08 -0.2972066E-08  0.4833227E-08 -0.3431659E-09  0.5464897E-10 -0.4120274E-10
   146  0.1830483E-08  0.1832540E-09  0.2564237E-08  0.1507777E-09 -0.2226390E-09  0.1186528E-09
   147 -0.6076333E-09  0.8998317E-08 -0.1709705E-08 -0.6432134E-11 -0.2549361E-09  0.7233183E-10
   148 -0.3312583E-08 -0.3734362E-08  0.1406269E-08  0.2149067E-09  0.9044399E-10  0.1344988E-09
   149  0.2039918E-08 -0.4911301E-08 -0.3902373E-08  0.2693393E-09 -0.3187241E-09  0.4713442E-09
   150  0.1948961E-09 -0.4371902E-08  0.7874362E-08 -0.2776213E-09  0.6474456E-09  0.3998300E-09
   151  0.5208976E-09 -0.1162632E-07  0.2493857E-08  0.2246077E-09 -0.8326703E-10  0.1849739E-09
   152 -0.2723741E-08  0.3278211E-08 -0.2896131E-08  0.6930759E-09  0.2721317E-10  0.5805613E-09
   153  0.1169326E-07 -0.4791090E-09 -0.3881718E-08  0.1913622E-10  0.1141632E-08  0.3240421E-09
   154  0.7024074E-08  0.4045175E-08  0.2983352E-08 -0.5035588E-09 -0.3192248E-09  0.4540647E-09
   155 -0.3555818E-08 -0.9827943E-08 -0.2936238E-08 -0.2784872E-09 -0.5920472E-09 -0.2330121E-10
   156  0.3658555E-08  0.4741959E-08  0.9495281E-09 -0.1966724E-09 -0.2903890E-09  0.7683941E-09
   157 -0.2657194E-09  0.3436024E-08  0.7931910E-09  0.1083359E-09  0.3661136E-09  0.4588586E-09
   158  0.6853894E-08  0.3870957E-08 -0.1013173E-08  0.2005227E-10  0.1577889E-09  0.2973665E-10
   159 -0.2141531E-08  0.3871685E-09 -0.1179979E-08 -0.4948711E-09 -0.5102737E-09 -0.1515765E-09
   160 -0.1777937E-08 -0.4994805E-08  0.3393161E-08 -0.8033930E-10  0.3860512E-09 -0.6380499E-10
   161 -0.7315347E-08  0.7190322E-08 -0.1137519E-08 -0.2377008E-10 -0.5707699E-11  0.3333665E-09
   162 -0.1632936E-08 -0.6264093E-09  0.1079809E-07  0.2895317E-09 -0.1041920E-09  0.3144049E-09
   163 -0.4616474E-08 -0.5679265E-08  0.4003918E-08 -0.3228547E-09  0.4267393E-09  0.2723965E-10
   164 -0.2647075E-08 -0.4707649E-08  0.2378771E-08 -0.2254093E-09  0.2777551E-09  0.1000977E-09
   165  0.5521468E-08 -0.3331988E-08  0.2536502E-08 -0.3643353E-09 -0.8432599E-09 -0.2208027E-09
   166  0.3553198E-08  0.1151233E-08 -0.1907483E-08 -0.5677013E-09  0.6125677E-09  0.7155664E-10
   167 -0.5546493E-08 -0.5088074E-08 -0.8028878E-08 -0.1622072E-09  0.2342744E-09 -0.4382426E-09
   168 -0.3392366E-09 -0.4234407E-08 -0.8169062E-08  0.3661729E-09  0.3979911E-09 -0.1224925E-09
   169 -0.1472029E-08  0.4725927E-08  0.1106018E-09  0.2703592E-09  0.2654564E-09  0.5742779E-09
   170  0.2125926E-08  0.3807902E-08 -0.6329707E-08 -0.4052416E-09  0.7910974E-10  0.3617686E-09
   171 -0.2317390E-08 -0.1257136E-08 -0.3473117E-08 -0.5914858E-09 -0.5952987E-09  0.3318171E-09
   172 -0.4222500E-08  0.9831341E-08  0.5478517E-08  0.9533670E-10 -0.4820132E-09 -0.5108613E-09
   173 -0.6558175E-08  0.1894124E-09  0.1956064E-08 -0.5946738E-09  0.6750523E-10 -0.1089572E-09
   174 -0.1531773E-08  0.4963425E-08  0.9074451E-08  0.8844386E-10 -0.3680155E-09  0.3137324E-09
   175 -0.3889676E-08 -0.1215517E-08 -0.3801567E-08  0.6750437E-10 -0.1548417E-09  0.3630591E-09
   176 -0.6222250E-08 -0.3998697E-08  0.1434033E-09 -0.3907624E-10 -0.4597335E-09 -0.1145631E-09
   177  0.4090892E-08  0.3428494E-08 -0.1614689E-08  0.3955051E-09  0.3018912E-09  0.4528774E-10
   178  0.1731436E-08  0.3338843E-08  0.6766045E-09 -0.5624821E-09  0.1534128E-09 -0.1271843E-09
   179  0.2454690E-08 -0.4827291E-08 -0.6167144E-08  0.4196080E-09  0.7666437E-09  0.4163398E-09
   180 -0.4827480E-08 -0.9152045E-09 -0.5085317E-09  0.1797041E-09  0.2820092E-09  0.1267938E-10
   181 -0.8623065E-09 -0.1229793E-08  0.8059907E-08 -0.1450085E-09  0.4229362E-09  0.6495545E-09
   182  0.3631198E-08 -0.1695106E-08  0.1999957E-08 -0.4179444E-10  0.2132342E-10  0.3061709E-09
   183 -0.4251676E-08  0.3448312E-08 -0.4059359E-08  0.2378438E-09 -0.4316362E-10  0.6638986E-09
   184  0.1854928E-08 -0.5592475E-08  0.1142128E-08 -0.1084357E-08 -0.8489343E-11  0.5596197E-09
   185 -0.5852957E-08  0.1084150E-07  0.6070040E-08 -0.4961720E-09 -0.7299325E-10  0.1273249E-09
   186  0.4752800E-08 -0.9750210E-08 -0.1333580E-08  0.7656548E-10 -0.2281779E-09 -0.2796504E-09
   187 -0.1513291E-08 -0.4210485E-08 -0.1361760E-08  0.1838526E-09 -0.2958898E-09  0.5296142E-11
   188  0.4510751E-08  0.7505932E-08  0.8565624E-08 -0.1182985E-09 -0.6116034E-09  0.4779747E-09
   189  0.1129129E-08  0.3498593E-08 -0.3358126E-08 -0.1360971E-09 -0.2140670E-09  0.7135159E-09
   190 -0.4291365E-09  0.6658486E-08 -0.8475897E-08 -0.9089473E-10 -0.7216572E-09  0.2224907E-09
   191  0.5843096E-08 -0.8837254E-09  0.7248099E-09 -0.1894527E-09 -0.9224614E-09 -0.4944975E-09
   192  0.3948676E-08  0.3911318E-08  0.1980647E-09  0.1073236E-09 -0.1953513E-10 -0.1546784E-09
   193  0.8126742E-08  0.2121719E-08  0.2846525E-08 -0.2779664E-09  0.1560126E-10  0.7750293E-09
   194 -0.3569020E-08 -0.2348634E-08 -0.4531155E-08 -0.1818439E-09 -0.8225654E-09  0.4810690E-09
   195 -0.1535736E-08 -0.2779234E-08  0.1927510E-08  0.3231984E-09 -0.4410825E-09  0.1965077E-09
   196 -0.1326049E-08  0.5547890E-08  0.9023284E-09 -0.5958424E-09 -0.3211879E-10  0.1729829E-09
   197 -0.8266260E-08 -0.2125273E-08  0.2490483E-08 -0.7340745E-09 -0.8607954E-10  0.2513505E-09
   198 -0.2664547E-08  0.6269957E-09  0.2972083E-08  0.2625360E-09 -0.4897859E-09  0.6854899E-09
   199 -0.1082479E-08  0.6894098E-08 -0.3043174E-08 -0.6544731E-11  0.5831156E-09 -0.1730287E-09
   200  0.3434476E-09  0.3948157E-09 -0.5521558E-08 -0.4797428E-09  0.5740256E-10  0.1746350E-09
   201 -0.3022640E-08  0.8676537E-08 -0.4356995E-08 -0.2519555E-10  0.3428241E-09  0.8154160E-09
   202 -0.5486048E-08 -0.6580723E-08 -0.5001793E-08  0.1453960E-09  0.9241284E-10  0.2233491E-09
   203 -0.1320041E-10 -0.6640829E-08  0.1914048E-08  0.3661872E-09  0.9965730E-09  0.1453125E-09
   204  0.3982868E-08  0.5215615E-11 -0.3453478E-08  0.2393776E-09 -0.8483865E-10 -0.1262165E-09
   205  0.9374469E-09 -0.9480983E-08 -0.1140539E-09 -0.5173273E-09  0.4896692E-09 -0.2712879E-09
   206  0.1641257E-08 -0.8373364E-09 -0.2958270E-08 -0.2120571E-09  0.4081372E-09  0.4208367E-09
   207 -0.4235485E-08 -0.1021028E-07  0.5121478E-09  0.1414242E-09  0.4304853E-10  0.6875780E-09
   208 -0.6524878E-08 -0.1143231E-08 -0.3644789E-10 -0.8084489E-09  0.4026122E-09  0.1128739E-09
   209  0.1247527E-08  0.7704724E-09 -0.6997472E-08  0.5029555E-09 -0.1443979E-09 -0.4047086E-09
   210 -0.4692734E-08 -0.9519691E-08 -0.4254951E-08 -0.1486708E-12 -0.2912451E-09 -0.4473629E-09
   211  0.1768814E-08  0.1217333E-09  0.6044603E-08 -0.1458103E-09 -0.3752285E-09  0.5695927E-09
   212  0.6211996E-10  0.6329539E-08 -0.4307643E-08  0.6100809E-09  0.2314216E-09  0.2460491E-09
   213  0.2799868E-08 -0.2848505E-08 -0.1001104E-07 -0.6874684E-09  0.3288000E-09 -0.9011652E-10
   214 -0.3714479E-08 -0.3915814E-08  0.3197585E-08  0.5424751E-10 -0.8453927E-09  0.1757484E-09
   215 -0.4829481E-08 -0.2335169E-08 -0.1595652E-08 -0.3953038E-09 -0.5037219E-09  0.4628974E-09
   216 -0.1885777E-08 -0.1975568E-08  0.5952004E-08  0.2050174E-09  0.2972041E-09  0.7153468E-09
   217  0.5397880E-08  0.1127780E-07  0.2226200E-08 -0.2967494E-09 -0.2724685E-09 -0.2167765E-09
   218 -0.7680652E-09 -0.5232027E-08  0.6402279E-08  0.2446718E-09 -0.3255656E-11 -0.9283086E-10
   219 -0.7912476E-08 -0.2158791E-08  0.3118936E-08  0.4327274E-09  0.1238467E-09 -0.1169931E-09
   220  0.7014836E-08  0.2713313E-08 -0.5297966E-08 -0.2081902E-09  0.6562582E-09 -0.3681090E-09
   221  0.4682960E-08  0.7673403E-08 -0.5201697E-09  0.3265543E-09 -0.3517044E-09  0.8701870E-09
   222 -0.2790699E-08 -0.6504178E-08  0.4205084E-08 -0.8515571E-09  0.3759850E-09  0.4066670E-09
   223 -0.4448803E-09  0.4315004E-08 -0.5903092E-09 -0.7519378E-10  0.1521029E-09  0.2392653E-09
   224  0.2800005E-08  0.2416263E-08 -0.4488582E-08  0.5658109E-10 -0.1467695E-09  0.7737603E-10
   225 -0.6276573E-08  0.1979629E-08 -0.7349591E-08 -0.9935797E-10  0.3967983E-09  0.3452457E-09
   226 -0.3355432E-08  0.6059273E-08  0.3064952E-08  0.2101743E-09  0.9258223E-10 -0.3037869E-09
   227  0.5733053E-09 -0.3798129E-08 -0.6770042E-09 -0.4655958E-09  0.6112059E-09  0.4979026E-09
   228 -0.3100486E-08 -0.5075606E-08  0.5098815E-08  0.3757986E-09  0.8373312E-09 -0.4431055E-10
   229 -0.6682984E-08  0.4735331E-08  0.1033098E-08  0.3943194E-10 -0.4245110E-09  0.7454654E-10
   230  0.2448871E-08  0.1692393E-08  0.3806280E-08  0.5479068E-09  0.4721659E-09 -0.3673235E-09
   231  0.2209387E-08 -0.2222274E-08 -0.7395043E-08 -0.1647867E-09 -0.2209212E-09  0.8591561E-10
   232 -0.9119961E-09  0.4532595E-08  0.1460222E-08  0.8658009E-10  0.3242545E-09  0.8007949E-09
   233  0.5869944E-08 -0.5715639E-08 -0.5553299E-08  0.3880998E-09  0.9194077E-09 -0.5133348E-09
   234 -0.4073176E-08  0.6600400E-09  0.3739974E-09 -0.6561483E-09  0.1072131E-09  0.8613030E-09
   235 -0.6169600E-08  0.7475640E-09 -0.5678399E-08  0.4827856E-09 -0.1028840E-09  0.3357964E-09
   236 -0.1854325E-08  0.2373467E-08 -0.7094933E-08 -0.1038389E-09  0.1362570E-09 -0.1784358E-09
   237 -0.2962837E-08  0.8725944E-09  0.4109765E-08  0.1430879E-09  0.1323839E-09 -0.1479472E-09
   238 -0.2361105E-08 -0.4247334E-08 -0.3006379E-08  0.4354353E-09 -0.4373547E-09  0.5682231E-09
   239  0.4387725E-09  0.6413030E-08  0.4769636E-08  0.4182882E-09  0.3456489E-09  0.7764501E-09
   240  0.2004734E-08 -0.3011344E-08 -0.5439249E-08 -0.5499060E-10  0.4045464E-09  0.6216701E-09
   241  0.3265360E-08  0.1984195E-08  0.6858238E-08  0.1176576E-09 -0.2253893E-09  0.1658840E-09
   242  0.3499482E-09 -0.1539867E-08 -0.4725077E-08 -0.1453529E-09 -0.2753475E-09  0.8768917E-09
   243 -0.3020337E-09  0.3471428E-08  0.1665341E-08  0.5380242E-09  0.3376451E-09  0.1618602E-09
   244  0.8291935E-08  0.3314187E-08  0.6940367E-08 -0.3201842E-10  0.3654650E-09  0.1381620E-09
   245 -0.3654649E-08  0.1692054E-08 -0.1173006E-08 -0.4227113E-09 -0.3953529E-09 -0.8791880E-10
   246  0.1942235E-08 -0.7481746E-09  0.7490941E-09 -0.4016057E-09 -0.4958739E-10  0.1462041E-09
   247  0.4721301E-08  0.4853906E-08 -0.2800134E-08  0.6855434E-10 -0.2586931E-09 -0.1551815E-09
   248  0.3727419E-09 -0.3399599E-08 -0.3396811E-08  0.2546060E-10  0.4415203E-09  0.1166549E-09
   249 -0.5109784E-08  0.5823380E-08 -0.3434502E-08  0.4229281E-09 -0.2507450E-10  0.5079585E-09
   250 -0.1910192E-08 -0.2637283E-08  0.5194081E-08 -0.1784950E-09 -0.1462362E-09  0.2878867E-09
   251  0.1761388E-08 -0.4057398E-08 -0.1700087E-08  0.1332517E-09 -0.2202434E-09 -0.3110649E-09
   252  0.2729683E-08  0.1110638E-07  0.6936851E-09 -0.1309567E-09  0.2231182E-09  0.5318470E-11
   253 -0.2130290E-08  0.1969774E-08  0.7062178E-09  0.3787082E-09 -0.2166232E-09  0.8586020E-09
   254  0.4300368E-08  0.1827082E-08 -0.5053750E-08  0.1487703E-09 -0.4079273E-09  0.6583546E-09
   255  0.4150586E-08  0.2739638E-08  0.7084755E-08  0.3218292E-10 -0.1400465E-09  0.5311366E-09
   256  0.3433927E-08 -0.1296970E-08 -0.4942318E-09 -0.3552071E-09  0.2376518E-09  0.9465724E-09
   129  0.4576040E-08 -0.2600289E-08  0.3665718E-08  0.4751006E-09  0.2215145E-09  0.1106133E-09
   130 -0.6644402E-08 -0.2369473E-09  0.6205973E-09  0.6932023E-10 -0.1143266E-09  0.4083278E-09
   131 -0.9748414E-09  0.5247180E-08  0.5285312E-08  0.8720327E-09  0.1013590E-09  0.3229935E-09
   132 -0.2984397E-08 -0.3800446E-08 -0.8411817E-08  0.3527257E-09  0.1691849E-09  0.3368539E-09
   133  0.4045550E-08 -0.3834928E-08 -0.1610862E-08 -0.3940178E-09  0.2272203E-10  0.2473466E-09
   134 -0.2903130E-08  0.1955342E-08  0.4233935E-08  0.1725402E-09 -0.7524181E-09  0.3576234E-10
   135 -0.8667642E-08 -0.7065422E-08 -0.5616323E-08  0.3185163E-09  0.1403801E-10 -0.3080738E-09
   136 -0.6388661E-08 -0.8326904E-08 -0.9779632E-08  0.3425657E-09 -0.2343364E-09 -0.3741288E-09
   137  0.4669505E-08  0.3446403E-08  0.6432190E-09 -0.2919494E-09  0.4337840E-09  0.3028426E-10
   138 -0.3842795E-08 -0.7318789E-08  0.1863905E-08 -0.2080917E-09 -0.3390492E-09  0.1984506E-09
   139  0.3582839E-08  0.1069179E-08 -0.1902825E-08 -0.1086397E-08  0.7052829E-09 -0.7224199E-09
   140  0.6832039E-08 -0.2698266E-11  0.6594461E-09  0.1723606E-09  0.5907971E-10 -0.1587714E-09
   141 -0.7120521E-08  0.1968140E-08 -0.6558925E-09 -0.3437491E-09 -0.2789810E-09 -0.3361975E-09
   142 -0.2485895E-08  0.6790757E-08 -0.1242116E-08 -0.3599956E-09  0.4097324E-09 -0.6890638E-09
   143 -0.3857924E-08 -0.1683255E-08 -0.9220305E-08 -0.7710573E-10 -0.1719424E-09 -0.7595168E-09
   144  0.2258721E-08 -0.1733287E-08 -0.8298367E-09  0.3324486E-09  0.1453790E-09 -0.2812553E-09
   145  0.7208943E-08 -0.5298194E-08  0.9506050E-08  0.6250950E-09 -0.1446167E-09 -0.3589295E-09
   146  0.7650289E-09  0.2656189E-08  0.8224278E-08  0.1350723E-09  0.4961262E-09 -0.9598961E-10
   147 -0.3223623E-08 -0.1906769E-08  0.1175333E-07 -0.3121772E-09  0.3102418E-09 -0.3534319E-09
   148 -0.7959604E-08  0.1991253E-09  0.1156710E-08  0.5079723E-10  0.2594494E-09  0.3463424E-09
   149  0.8534286E-08 -0.1794892E-09  0.3597463E-08  0.8109602E-09  0.9461567E-10  0.6844049E-10
   150 -0.6488700E-08 -0.5525250E-08  0.2059868E-08  0.6211194E-09  0.1102407E-09  0.4885356E-11
   151  0.2468579E-08 -0.3050894E-08  0.1430448E-08  0.1818970E-10  0.3169705E-09  0.4885767E-09
   152 -0.4982471E-08  0.2343540E-08 -0.8328800E-09  0.5739215E-09 -0.3464067E-09  0.1011893E-09
   153 -0.7117939E-08 -0.2202311E-09 -0.1953240E-08 -0.2768657E-09 -0.7265460E-11 -0.1818289E-09
   154 -0.3793494E-08  0.8823035E-09  0.4232299E-08  0.9414700E-11  0.2706879E-09 -0.3982924E-09
   155 -0.8858443E-08 -0.5452375E-08 -0.7745793E-09 -0.3894564E-10  0.1338859E-09  0.8973317E-09
   156  0.1353449E-08  0.1235763E-07  0.1693004E-08  0.1089480E-09 -0.1909410E-09  0.5616114E-11
   157 -0.7283827E-09 -0.6986629E-09  0.6718720E-08 -0.3048075E-09 -0.3190386E-09 -0.3774155E-09
   158 -0.5724826E-08 -0.6383564E-08 -0.4272383E-08  0.1181012E-09  0.1038972E-09  0.2491727E-09
   159  0.3569958E-09  0.1949872E-08  0.4187701E-09  0.2973062E-10  0.3911107E-09 -0.7121581E-09
   160  0.4801378E-08  0.7081676E-09 -0.2041777E-09  0.5126989E-09  0.2958768E-09 -0.3417445E-09
   161  0.9167586E-09  0.4376129E-08 -0.5573800E-08 -0.3501692E-09 -0.7277507E-10  0.1546859E-09
   162  0.1292570E-08 -0.2333175E-08  0.7887589E-08  0.4263486E-11  0.9972210E-09 -0.7645158E-09
   163  0.1117688E-08  0.5075775E-09 -0.1030661E-07  0.1194745E-09  0.1234527E-09 -0.1734515E-09
   164  0.3695930E-08 -0.2580463E-08 -0.4920583E-08 -0.7136754E-10 -0.6791885E-09 -0.5485656E-09
   165 -0.1227765E-08 -0.2811384E-09 -0.3133638E-08 -0.2909378E-09  0.6932483E-11 -0.3900323E-09
   166 -0.3593264E-08  0.4780446E-09  0.3645543E-08  0.6013033E-09  0.3258136E-09 -0.3869199E-09
   167 -0.2566306E-08  0.1573678E-08  0.5517858E-08  0.4616178E-09  0.9567746E-09  0.3878300E-09
   168 -0.7331193E-09  0.7846359E-08 -0.1473284E-08 -0.3176361E-09 -0.6268342E-10 -0.7695008E-10
   169 -0.7458075E-08  0.7599376E-08 -0.7854390E-09 -0.2877717E-09  0.1846513E-09  0.2228813E-09
   170  0.3326770E-08 -0.2477414E-08 -0.2375871E-08  0.8305744E-10 -0.4491552E-09 -0.9559471E-09
   171  0.4075815E-08 -0.1762650E-09  0.1404339E-09 -0.1942499E-10  0.7037278E-09  0.4118753E-10
   172  0.1525153E-08 -0.3450759E-08 -0.2832851E-08  0.5438764E-09  0.1305782E-09 -0.4437164E-10
   173 -0.7670914E-09 -0.8123810E-09 -0.1977774E-08 -0.8876817E-10 -0.1036546E-09 -0.9407150E-10
   174  0.4732971E-09  0.4506200E-08  0.6453506E-08 -0.3496738E-10 -0.1771109E-09 -0.3827448E-09
   175  0.5956556E-08 -0.2579533E-08 -0.6828759E-09  0.5604113E-10  0.2605662E-09 -0.1193825E-09
   176  0.1006494E-07 -0.9133166E-08 -0.1584927E-08  0.3013144E-09 -0.2587809E-09 -0.1503933E-09
   177  0.6383203E-09 -0.1148919E-08  0.4467264E-08  0.7984528E-10  0.1183066E-09 -0.2445519E-09
   178 -0.4882784E-09  0.5170074E-08  0.1482190E-08  0.1639401E-09  0.6034369E-09 -0.9855095E-09
   179  0.5101484E-08  0.3034438E-08  0.9281274E-08  0.2464790E-09  0.5154644E-09 -0.7269344E-09
   180 -0.5678660E-09  0.3554353E-08 -0.4291534E-08 -0.3855664E-09 -0.2176019E-09  0.2006582E-09
   181  0.3326048E-08  0.9169454E-08 -0.5020884E-09 -0.3229609E-09  0.2465385E-09 -0.6537557E-10
   182 -0.1367071E-08  0.4269705E-09  0.2321531E-08 -0.6211873E-09  0.3444940E-09  0.3533255E-09
   183  0.1164899E-08 -0.7636322E-08 -0.4136427E-09 -0.4710885E-09 -0.1342435E-09 -0.3072248E-09
   184 -0.3156771E-08 -0.1214279E-08  0.6716454E-09  0.1420500E-09 -0.1239741E-09  0.3353677E-10
   185  0.5274515E-08 -0.1363882E-08  0.1101086E-08  0.9056017E-10  0.5066839E-09  0.3195712E-09
   186  0.2414838E-08 -0.1426395E-08  0.6157391E-08  0.5624895E-09 -0.3512171E-10 -0.2479869E-09
   187 -0.1667832E-08 -0.2323297E-08 -0.3255439E-08 -0.7946471E-09  0.1815346E-09  0.1297140E-09
   188 -0.3144055E-08 -0.8064178E-08  0.6595652E-08  0.1220615E-09  0.5320771E-09 -0.4864074E-09
   189  0.4588046E-08 -0.1170204E-07 -0.5162422E-08  0.1433614E-09 -0.5975924E-09  0.1569969E-09
   190 -0.1764638E-08 -0.8719466E-10  0.1073668E-08  0.3325414E-09  0.2690651E-09 -0.5296203E-09
   191 -0.3002113E-08  0.4263740E-08 -0.4305734E-08 -0.5823663E-09  0.5648846E-09 -0.2127300E-10
   192 -0.3733347E-08 -0.2857351E-08 -0.1794430E-09  0.3581523E-09 -0.2882455E-09 -0.8429483E-09
   193  0.4840500E-09  0.1310781E-08  0.1865382E-08 -0.4055513E-09 -0.2549971E-09 -0.2405517E-09
   194  0.4898344E-08 -0.6777460E-08 -0.8656611E-08 -0.2415681E-09 -0.8510850E-11 -0.7198094E-09
   195  0.4131524E-09  0.6736522E-08  0.1099450E-08  0.1697439E-10 -0.1764813E-09 -0.4253219E-09
   196 -0.4184937E-08  0.2183117E-08  0.6617548E-08  0.9816731E-10  0.3554402E-09 -0.2793207E-10
   197  0.1642231E-08 -0.1241948E-08  0.3629572E-08 -0.5998165E-10  0.5314513E-09  0.1955629E-09
   198 -0.4681436E-08  0.1614653E-08  0.5791295E-08 -0.6155376E-09 -0.1776277E-09  0.2033370E-09
   199  0.2538821E-08 -0.7113583E-09  0.5052168E-08  0.3298160E-09  0.4643888E-09 -0.3271617E-09
   200  0.1254607E-08  0.6460330E-08  0.2154050E-08  0.1728166E-09 -0.1958938E-09  0.2306098E-09
   201 -0.8941466E-08  0.3635965E-08 -0.2494482E-08 -0.2806479E-09 -0.2598741E-09 -0.1450522E-09
   202 -0.1380232E-07  0.1085534E-07  0.1765406E-08 -0.3279001E-09  0.3001935E-09 -0.4649512E-09
   203 -0.1263315E-09 -0.3393813E-08  0.8066658E-08 -0.1357193E-09  0.1185606E-09  0.3693363E-09
   204  0.5826636E-09  0.3303524E-08 -0.5434597E-08  0.5095291E-09  0.6606795E-09 -0.3854284E-09
   205 -0.3571027E-08  0.3910414E-08 -0.1376278E-08  0.7659906E-09  0.1004175E-09 -0.1067130E-09
   206  0.7097173E-08 -0.9583669E-09  0.1940273E-08 -0.2774881E-09  0.5108732E-09 -0.3168429E-09
   207  0.2488586E-08  0.6168903E-08 -0.1190126E-08  0.1221473E-09  0.2876729E-09  0.3071055E-09
   208 -0.1406865E-08 -0.6882224E-08  0.2251607E-08  0.7977427E-10 -0.3681429E-10 -0.4218441E-09
   209  0.5450480E-09  0.1909318E-08 -0.3945094E-08 -0.4204492E-09  0.3462296E-09 -0.7116349E-09
   210 -0.1582312E-08  0.1681136E-08  0.9875101E-09 -0.3671734E-09 -0.4786600E-10 -0.1136505E-09
   211  0.3492155E-09 -0.3453483E-08  0.6036088E-08  0.5851716E-10 -0.2023489E-09  0.2754430E-09
   212  0.1704805E-08  0.1477800E-09 -0.8313801E-08  0.3511234E-09 -0.1778673E-09 -0.1426093E-09
   213  0.2910157E-09 -0.8477600E-08 -0.5717504E-08 -0.7683175E-11 -0.2315371E-09  0.3050243E-09
   214 -0.1049159E-08 -0.2796120E-08 -0.2293505E-09 -0.4748731E-10 -0.3856150E-09 -0.5349817E-11
   215 -0.1649207E-09 -0.1722512E-08  0.3365729E-08  0.1245121E-09 -0.5443866E-09  0.1059351E-09
   216 -0.9058867E-09 -0.2195829E-08  0.7899436E-08  0.2305361E-09 -0.9444255E-10 -0.1090227E-09
   217  0.2000578E-08  0.1734542E-08 -0.1862047E-08  0.2240779E-09  0.5004570E-09  0.4342700E-09
   218  0.5798655E-09 -0.1360760E-08  0.1899328E-08  0.5233256E-10  0.2886863E-09  0.6648664E-10
   219 -0.5034914E-08  0.5726017E-09  0.1268168E-08 -0.9722284E-09  0.7039320E-10 -0.2861848E-09
   220  0.5750287E-08 -0.1730913E-08 -0.5988332E-08  0.3261637E-09 -0.6764862E-10  0.8844878E-10
   221 -0.9680999E-08  0.2208527E-08  0.2362739E-08  0.2542491E-09 -0.3103790E-09  0.3955870E-09
   222  0.5612710E-08 -0.2469755E-08  0.2489216E-08  0.1217013E-09  0.4615506E-09 -0.1616906E-09
   223 -0.4641374E-08 -0.3724907E-10  0.8741171E-09 -0.1925792E-09  0.9184913E-10 -0.1578283E-09
   224 -0.7135436E-08  0.6354521E-08 -0.6735286E-08  0.5059113E-09  0.2103721E-09 -0.6732717E-10
   225 -0.1725325E-08 -0.2823285E-08  0.1180778E-08 -0.5892558E-09 -0.2048858E-09  0.6777843E-10
   226 -0.5588645E-08  0.1047957E-07  0.4818358E-08  0.5273860E-09 -0.4122735E-09 -0.6067640E-10
   227 -0.1744279E-08 -0.3371134E-08  0.3151337E-08  0.2861890E-09  0.2995034E-10 -0.5529536E-10
   228  0.7896903E-09 -0.4208840E-08  0.3800321E-09  0.1459357E-10 -0.1612003E-09  0.1464510E-09
   229  0.3517752E-08 -0.5973834E-08  0.8215010E-09  0.1759399E-09  0.4776002E-09 -0.2431473E-09
   230 -0.4202804E-08  0.1137112E-07  0.1914515E-08  0.3853856E-09 -0.1591576E-09 -0.4004841E-10
   231  0.3373941E-08 -0.5236729E-08  0.3237222E-08 -0.2548822E-09 -0.7677061E-10 -0.8929369E-09
   232 -0.9311460E-08  0.4536611E-09 -0.2361358E-08 -0.3061722E-10  0.6921350E-09 -0.3190067E-09
   233 -0.5382143E-08 -0.1539924E-08 -0.2701102E-08 -0.3808358E-10 -0.1457067E-09 -0.2339548E-09
   234 -0.4763285E-08  0.6473521E-08 -0.4200583E-08  0.5579767E-11 -0.3860279E-09  0.1591075E-09
   235  0.1298299E-08  0.5096478E-08  0.1979786E-08  0.3693256E-09  0.2359627E-09  0.1117202E-09
   236 -0.2170777E-08 -0.2929615E-09  0.3029503E-08 -0.2710891E-09 -0.7928458E-10 -0.2810534E-09
   237  0.1193078E-07 -0.2602226E-09  0.2044415E-08  0.3329520E-09 -0.1197157E-10 -0.8196469E-09
   238  0.2547115E-08  0.3181187E-08 -0.5683348E-08  0.2736691E-10  0.8894847E-10 -0.5219245E-09
   239  0.7589958E-08  0.2682901E-08  0.3671384E-08  0.2587738E-09  0.4705087E-09 -0.3164142E-09
   240 -0.5680469E-08 -0.1962646E-09  0.1352578E-08 -0.1175603E-09 -0.2790912E-09 -0.2395545E-09
   241  0.3267778E-08  0.3985611E-08  0.2067016E-08 -0.3981883E-11  0.3732713E-10 -0.2075231E-09
   242  0.1940207E-08  0.3518360E-08  0.2169970E-08  0.2985162E-10  0.1560461E-09 -0.5446358E-09
   243 -0.5231713E-08  0.5366886E-08 -0.9431719E-09 -0.1237485E-09 -0.9211283E-09 -0.1498357E-09
   244  0.3249357E-08  0.2457795E-08 -0.4055530E-08 -0.2182219E-10 -0.6117355E-09 -0.7671883E-10
   245 -0.4922288E-09  0.2934377E-08  0.1448957E-08 -0.1327589E-09  0.4895430E-10  0.2666814E-09
   246  0.4309254E-08  0.8095701E-09  0.1932654E-08 -0.1008230E-09 -0.9028446E-10 -0.6998807E-09
   247 -0.2345857E-08 -0.1594754E-09 -0.3089008E-08  0.1349418E-09 -0.6834235E-09 -0.2312707E-09
   248  0.5991806E-08 -0.1199532E-08 -0.3325940E-08  0.2490578E-09 -0.2092835E-09  0.2662161E-09
   249 -0.5359968E-09  0.9755564E-09  0.7979214E-08 -0.6509684E-09  0.4194956E-09 -0.1296887E-09
   250  0.2588181E-08  0.1695553E-08 -0.4238537E-08 -0.4636749E-09  0.2841338E-09  0.2413046E-09
   251 -0.2144767E-08 -0.7435975E-08 -0.3027934E-08 -0.3096480E-10  0.3779343E-09 -0.2685545E-09
   252 -0.1126190E-07  0.1439719E-08 -0.4915650E-08  0.4276839E-09 -0.3456369E-09 -0.5743447E-09
   253 -0.1577099E-08 -0.2661455E-08  0.2617235E-09  0.7672894E-09  0.3328695E-10 -0.5647818E-09
   254 -0.2456988E-08  0.8015596E-08  0.1763925E-08  0.4503699E-09 -0.1584184E-09 -0.3261445E-09
   255 -0.9783821E-09  0.6607621E-09 -0.1527957E-08 -0.7839703E-10  0.1434768E-09 -0.4240093E-09
   256 -0.6224226E-08 -0.6755372E-09  0.2690922E-09  0.3618193E-10  0.2297358E-09 -0.5045012E-09
   129  0.5865658E-09  0.5554803E-08 -0.5736729E-08  0.3218141E-09 -0.4869673E-09 -0.1509301E-09
   130 -0.1046942E-07 -0.7952163E-08  0.3500749E-08 -0.1228159E-09  0.3394293E-09  0.4984927E-10
   131  0.6682508E-08 -0.6836961E-09  0.2216331E-08  0.1645002E-09 -0.1082310E-09 -0.1037314E-09
   132 -0.2281062E-08  0.3331938E-08  0.2112213E-08  0.4321643E-09  0.6919870E-09 -0.3145565E-09
   133  0.3356892E-08  0.2171537E-08  0.5299306E-08  0.5330230E-09  0.9107221E-09 -0.9234140E-09
   134 -0.1223271E-08  0.6669561E-09  0.3815239E-08 -0.3093369E-09  0.5055899E-09  0.2163017E-09
   135  0.7042426E-09  0.1293976E-08 -0.1264782E-08  0.8358505E-10  0.2071480E-09  0.1191203E-09
   136 -0.4825466E-09 -0.6093296E-08  0.1655355E-08 -0.7975980E-10 -0.7844812E-09  0.2565657E-09
   137 -0.3807077E-09 -0.3986987E-08  0.1473573E-08 -0.2133974E-09 -0.4761607E-10 -0.4547152E-09
   138 -0.3737765E-08  0.2203692E-08  0.9603246E-10 -0.6414046E-10  0.3030403E-09 -0.6006511E-09
   139  0.5154373E-08  0.7351479E-08  0.2077638E-08 -0.4545747E-09 -0.1895358E-09  0.2504429E-09
   140  0.5940094E-09  0.8393673E-09  0.6540865E-08 -0.2518528E-09  0.1921752E-09 -0.3625489E-09
   141 -0.4210697E-08  0.7975113E-08  0.6418274E-08  0.5164077E-09 -0.6270590E-09 -0.4339031E-09
   142 -0.3752000E-08 -0.1307207E-08 -0.3514945E-08  0.4021877E-09  0.5230158E-09 -0.2007702E-09
   143  0.3934454E-08 -0.3821754E-09  0.4011585E-08  0.4642559E-09 -0.1468810E-09 -0.1493917E-09
   144 -0.1217217E-08 -0.1945030E-08 -0.7743586E-09 -0.4578182E-11  0.7178407E-09  0.4163985E-09
   145 -0.7736885E-08  0.1469897E-08 -0.1600262E-08  0.1814757E-09  0.3184531E-09 -0.1376489E-09
   146  0.4232648E-08 -0.1771949E-08 -0.7942176E-08 -0.4448305E-11 -0.5516765E-10  0.7698667E-10
   147  0.1904710E-08  0.1782956E-08  0.2865852E-08 -0.2247451E-09  0.4277243E-09  0.2761875E-11
   148 -0.8117429E-08  0.5927813E-08 -0.6826097E-08  0.8691139E-10  0.1273802E-09 -0.3674991E-09
   149  0.6388725E-08  0.3316429E-08  0.8118224E-09  0.2194204E-09  0.6172367E-10 -0.5484544E-09
   150  0.9270531E-09  0.6737786E-08  0.2598309E-09 -0.2116473E-09 -0.5344931E-10 -0.7684009E-09
   151  0.2104601E-08 -0.1530754E-08  0.3587211E-08 -0.2145238E-09  0.8522549E-12 -0.5531260E-09
   152 -0.3301620E-08 -0.7321870E-08  0.4698344E-08 -0.1004003E-09 -0.1485007E-09 -0.1139849E-09
   153  0.6987451E-09 -0.1703301E-08 -0.8536932E-09 -0.2823294E-09 -0.6383805E-10 -0.7336213E-09
   154  0.1873267E-08 -0.7978369E-09  0.6214641E-08  0.2638427E-09 -0.4652339E-09 -0.8565582E-09
   155  0.7050885E-09 -0.4338054E-08 -0.4141624E-08  0.5039723E-09 -0.1302662E-09 -0.6945588E-09
   156  0.5573655E-08  0.7419390E-08 -0.1446142E-08  0.2815135E-09  0.6679242E-09  0.3099821E-10
   157 -0.2664952E-08 -0.4112632E-08  0.5988369E-08  0.6369237E-10 -0.8594497E-10  0.5030545E-09
   158 -0.1562668E-08  0.2405116E-08  0.4200386E-08 -0.7092359E-10 -0.5490139E-10 -0.5427486E-09
   159 -0.5574007E-08 -0.1390780E-08 -0.3160877E-08 -0.5761064E-09 -0.8624214E-09  0.3814532E-10
   160 -0.2317454E-09  0.4725675E-08  0.1865888E-08 -0.5550665E-10  0.1162423E-09 -0.7218755E-09
   161 -0.2257246E-09 -0.2244427E-08  0.4674033E-08  0.9901767E-10  0.1684427E-09 -0.2333907E-09
   162  0.2539134E-08  0.4916246E-08 -0.7140045E-08  0.1468825E-09 -0.2380560E-09 -0.2441797E-09
   163  0.2119902E-08  0.1485634E-08  0.5297695E-08 -0.4602094E-09 -0.1244261E-09  0.6158447E-09
   164  0.4398033E-08  0.3645322E-08  0.5587862E-08 -0.2872015E-09 -0.3719656E-10 -0.2880030E-09
   165  0.2738739E-08  0.7745040E-08  0.1349993E-08  0.2328753E-09  0.3369419E-09 -0.6754374E-09
   166 -0.7839075E-08  0.1538311E-08 -0.1881758E-08 -0.2456411E-09  0.5407485E-09 -0.3781559E-09
   167 -0.3566738E-10  0.1139271E-07  0.5047022E-08 -0.7899283E-09 -0.5845287E-09  0.5756974E-10
   168  0.1076524E-08  0.5481413E-08 -0.2099507E-08  0.2089999E-11  0.3395058E-09 -0.6883800E-09
   169 -0.2351473E-08 -0.3921459E-08  0.4572321E-08  0.2616183E-09  0.7328580E-09 -0.6506165E-09
   170  0.1896632E-08 -0.1864608E-08 -0.5229112E-08  0.2871527E-09 -0.1258354E-10 -0.7526623E-09
   171  0.6712117E-09 -0.6150446E-08 -0.2514145E-08 -0.2514967E-09 -0.3971385E-09 -0.5346681E-09
   172  0.3929287E-08 -0.3827560E-08  0.5258330E-08  0.2876445E-10  0.5309639E-09 -0.7959043E-09
   173 -0.6621625E-08  0.5094248E-08  0.5726764E-08  0.6703119E-09 -0.5840419E-10 -0.2249085E-09
   174 -0.5553296E-08 -0.3670891E-08  0.8371482E-09  0.3112495E-09  0.2966418E-09 -0.1348164E-09
   175  0.3191708E-08 -0.4794965E-09  0.3731124E-08  0.6820473E-10 -0.4979586E-09 -0.5185907E-09
   176 -0.1744371E-08 -0.2078675E-08 -0.2382492E-08 -0.1228840E-09  0.9165817E-09 -0.4562366E-09
   177 -0.1178401E-08 -0.6718920E-08  0.1644870E-08 -0.2798090E-09 -0.8712077E-10  0.2096402E-09
   178  0.3973226E-09 -0.4198181E-09 -0.3842389E-08 -0.2559438E-09  0.7977457E-09 -0.1472686E-09
   179  0.5389496E-08  0.1399571E-08  0.1699107E-08  0.7152292E-10 -0.5702137E-09 -0.2213463E-09
   180 -0.6372437E-09 -0.9640555E-08 -0.2095371E-08  0.9034794E-09 -0.2739586E-10  0.5370696E-09
   181  0.9281622E-08 -0.1349935E-08  0.8837390E-10  0.2920449E-09 -0.2849844E-09 -0.2725822E-09
   182 -0.1968541E-08  0.3233293E-08 -0.4866547E-08  0.7258266E-09  0.2284217E-09 -0.6183150E-09
   183  0.3159224E-08 -0.1907672E-08  0.2907682E-08 -0.9000810E-10 -0.7830408E-10 -0.6130045E-09
   184 -0.2984145E-08 -0.2704237E-08  0.2294448E-08  0.3029581E-09 -0.1238483E-09 -0.5912427E-09
   185  0.2992712E-08 -0.9018836E-08 -0.4685167E-08  0.2445401E-09 -0.4292963E-09 -0.2808659E-09
   186  0.4291572E-08  0.8969269E-08  0.1345347E-08 -0.5898562E-09  0.1400790E-09 -0.6734614E-09
   187  0.1529207E-08  0.2475825E-08 -0.4086073E-08  0.4951229E-09 -0.7007764E-10 -0.7795335E-09
   188  0.5115810E-08 -0.1953623E-08 -0.2618758E-08 -0.1236494E-09 -0.3038293E-09 -0.5535731E-09
   189 -0.6103852E-08 -0.1136575E-08  0.7730722E-09  0.1064418E-09 -0.4247527E-10 -0.8094953E-09
   190  0.3819289E-08 -0.3093385E-08  0.2136598E-08  0.2555640E-09 -0.1259955E-10  0.7862169E-10
   191  0.1121188E-08 -0.5135555E-08  0.3433024E-08  0.1705440E-09 -0.4185089E-09  0.1048794E-09
   192 -0.1029705E-07 -0.7152125E-09 -0.1381136E-08  0.1692062E-10  0.5654611E-09 -0.6432083E-09
   193  0.1155826E-08 -0.3882562E-08 -0.1961224E-08 -0.2120292E-09 -0.3445485E-09 -0.6307818E-09
   194  0.5282361E-08 -0.2480249E-09  0.6463343E-08  0.1509527E-09 -0.9892982E-10  0.2340243E-09
   195 -0.1605727E-08  0.2995242E-08  0.1443599E-07  0.2759232E-09 -0.1239001E-09  0.6260194E-09
   196  0.2598520E-08 -0.3811134E-08 -0.3317006E-08 -0.1005324E-09  0.3738648E-09 -0.7997358E-10
   197  0.1232103E-08 -0.5820488E-09  0.4641782E-08 -0.6153542E-09  0.3787486E-09 -0.7318164E-09
   198 -0.2413531E-08 -0.1616060E-08  0.3334449E-08  0.1260720E-09  0.4762154E-10 -0.5939483E-09
   199  0.1148102E-08 -0.1340099E-08 -0.5894490E-09 -0.4626823E-09  0.1783268E-09 -0.3905458E-09
   200 -0.5327579E-08 -0.4418934E-08 -0.4997739E-08  0.9863305E-10 -0.2211483E-09 -0.5027366E-10
   201  0.1577299E-08  0.3506418E-08 -0.1035512E-07 -0.1322678E-10  0.8866354E-09  0.2112577E-09
   202  0.4422151E-08 -0.1278744E-09  0.5533727E-08 -0.5461096E-09  0.4652392E-09 -0.5517706E-09
   203  0.5174078E-08 -0.8229386E-08  0.4989426E-08 -0.2487675E-09 -0.2139771E-09 -0.4337711E-09
   204 -0.1531928E-08 -0.1847001E-09  0.2427611E-08  0.3916713E-09  0.4505729E-09  0.1492525E-09
   205 -0.5389081E-08 -0.2066081E-08 -0.5424014E-08  0.1784985E-09 -0.4156902E-09 -0.6581658E-09
   206 -0.5819728E-08  0.1234140E-08 -0.5046891E-08 -0.2612781E-10 -0.1066471E-10 -0.2075910E-09
   207 -0.5541877E-08 -0.4928776E-08  0.1786053E-08  0.4790256E-09 -0.3023294E-09 -0.6684939E-09
   208 -0.1785529E-08 -0.2335465E-08  0.3748508E-08 -0.3045961E-09  0.3331731E-09 -0.1657098E-09
   209 -0.1147385E-08 -0.1220518E-08  0.1655317E-08  0.2493136E-09 -0.2510408E-09  0.2845965E-09
   210 -0.2944865E-08  0.5383267E-08  0.1190534E-08  0.1164715E-09 -0.8809982E-10 -0.3398432E-09
   211  0.5403413E-08 -0.1914937E-09  0.6602815E-08  0.2766332E-10  0.6149631E-09 -0.4647349E-09
   212 -0.1910569E-08  0.1474903E-08 -0.2772589E-08 -0.2931646E-09  0.2027392E-09 -0.2419420E-09
   213  0.2519689E-08  0.2135749E-08 -0.3286907E-09 -0.3852725E-09 -0.2413101E-09 -0.3094219E-09
   214 -0.3483487E-08 -0.4837706E-09 -0.1881060E-08  0.6284063E-09  0.3456604E-09 -0.4812532E-09
   215  0.6967913E-08  0.5172078E-08 -0.1090916E-07 -0.1766384E-09 -0.9587506E-09 -0.9247351E-10
   216  0.2142328E-08 -0.6227637E-08 -0.2289476E-08  0.3462233E-09 -0.3726324E-09 -0.5960949E-09
   217 -0.1781910E-08  0.5062306E-08  0.2078107E-08 -0.9780360E-10  0.2244466E-09  0.8912566E-10
   218  0.3549402E-08  0.5907702E-09 -0.3189490E-08  0.1868706E-09 -0.4832306E-09 -0.6082196E-09
   219 -0.3994561E-08 -0.8067265E-08 -0.1522479E-08 -0.1841459E-09  0.6629827E-10  0.9961683E-10
   220  0.1406472E-08 -0.3260649E-08  0.2819881E-08 -0.5016252E-09 -0.5497989E-09 -0.4706201E-09
   221 -0.2214306E-08 -0.3641654E-08  0.6913750E-08 -0.4518115E-10 -0.3183299E-09 -0.3877635E-09
   222  0.4486878E-08 -0.6619185E-08 -0.2281761E-08 -0.1415464E-09 -0.9071024E-10 -0.3937014E-09
   223  0.3913149E-08  0.2454888E-08 -0.1005483E-07  0.1702216E-09  0.3291044E-09 -0.9336217E-09
   224  0.3962042E-08 -0.1554893E-08 -0.4935797E-08 -0.1788732E-09 -0.6510592E-09 -0.3207887E-09
   225  0.1914930E-08  0.2458688E-09  0.3648551E-08  0.2401087E-09  0.2806474E-09  0.7245256E-10
   226 -0.2902122E-08  0.2973533E-08  0.3506270E-09 -0.2928305E-10 -0.4272618E-09  0.1083485E-09
   227  0.6693872E-09  0.3128653E-08 -0.2953728E-08 -0.5509936E-09 -0.2022133E-09 -0.2059980E-09
   228  0.3595598E-08 -0.1716469E-08 -0.3251509E-08  0.1944479E-09 -0.4304614E-09 -0.1304104E-10
   229  0.1586566E-08 -0.2251024E-08 -0.6161948E-08 -0.4131337E-09  0.2740301E-09 -0.2956586E-09
   230 -0.3806556E-08  0.1602569E-08 -0.3370774E-08 -0.4823053E-09 -0.1217836E-09 -0.7169330E-09
   231  0.4214054E-08 -0.1666401E-08  0.4861459E-08 -0.3568946E-09  0.7070221E-09 -0.4164190E-09
   232 -0.5442305E-08 -0.1087658E-07 -0.8469339E-09  0.3259700E-09 -0.3105483E-09  0.4545025E-10
   233  0.3264111E-08 -0.7049684E-08  0.1726261E-08 -0.7810159E-10  0.8392071E-09  0.1138829E-09
   234  0.9249478E-09  0.2166837E-08  0.8689388E-08 -0.6939067E-09  0.5822160E-09 -0.5145192E-09
   235 -0.5322285E-09 -0.8238453E-08  0.1090946E-08 -0.2424299E-09  0.3130420E-09 -0.1977310E-09
   236  0.1178179E-07 -0.2647377E-08  0.6655950E-08 -0.7947748E-09  0.1311148E-09 -0.5390699E-09
   237  0.5403965E-08  0.9868009E-09  0.3086779E-08  0.7758426E-09  0.1325139E-09 -0.2179964E-10
   238  0.1093350E-07 -0.9046210E-09  0.1162416E-07 -0.5770065E-10  0.8085354E-09 -0.4236910E-09
   239 -0.1521478E-08 -0.6017695E-08  0.3885772E-08 -0.2929731E-10 -0.2137622E-09 -0.8189898E-09
   240  0.6755731E-08 -0.4576042E-08  0.3130157E-09  0.3290594E-10  0.4330510E-09  0.6284316E-09
   241 -0.7716053E-08 -0.1088028E-08  0.8187137E-09  0.2739303E-09  0.7980795E-10  0.2238891E-09
   242 -0.6081859E-09  0.2691603E-08  0.4781129E-08  0.1263084E-09  0.2537860E-09 -0.4811318E-09
   243 -0.5942803E-08  0.3158523E-09 -0.7461725E-09 -0.4166820E-09  0.1301691E-09 -0.1484693E-10
   244  0.4567489E-08 -0.1746014E-08 -0.7644838E-09  0.8639825E-10  0.3226455E-09  0.7646797E-09
   245 -0.2160409E-09  0.8149581E-09  0.1211402E-09 -0.2772752E-09  0.3391354E-09 -0.6310744E-09
